Experiment,piControl,historical,historical,historical,historical,historical,ssp126,ssp126,ssp126,ssp126,ssp126,ssp245,ssp245,ssp245,ssp245,ssp245,ssp370,ssp370,ssp370,ssp370,ssp585,ssp585,ssp585,ssp585
Member,r1i1p1f2,r1i1p1f2,r2i1p1f2,r3i1p1f2,r4i1p1f2,r5i1p1f2,r1i1p1f2,r2i1p1f2,r3i1p1f2,r4i1p1f2,r5i1p1f2,r1i1p1f2,r2i1p1f2,r3i1p1f2,r4i1p1f2,r5i1p1f2,r2i1p1f2,r3i1p1f2,r4i1p1f2,r5i1p1f2,r2i1p1f2,r3i1p1f2,r4i1p1f2,r5i1p1f2
0,,,,,,,299.6019906659442,299.6603546505085,298.2232210435376,297.807063395906,297.94971342186517,299.6222486282125,299.9286276282564,298.40449569463595,297.74292125048976,297.9315572753198,299.5813163275856,298.4288508695569,297.8013762675687,298.075413129156,299.68494446033003,298.4040611275562,297.79149309660033,297.91952371259225
1,297.819831574522,299.8149212161071,299.0638669099065,296.9997704396699,298.7891563776919,298.52827951945795,299.2023491916463,299.86051282190107,299.4598396089237,301.43882125478086,300.17576620248843,300.04752221540804,301.38989873303655,300.29170348951124,300.9289869736894,300.4405164072825,301.65386507373,301.21790421941824,299.0944115607753,300.64281228679465,300.6599982692376,301.596175327837,301.2719851343763,301.61239505827774
2,299.35020809302347,300.0160953247064,299.9969339686847,299.2537270626247,297.7316151623092,300.66493516940415,299.0134618747771,300.2069631370369,300.6182342541727,299.95585403659214,302.3430129083401,299.0422771859876,296.5913745472607,300.1612414512886,297.37022519421424,298.92614021911777,297.1384613555968,298.33172543757047,301.32458368633564,297.9835251082804,299.11732285764964,298.11744655810134,297.68726621995614,298.6456115889714
3,297.1675504798766,297.0024758907902,295.7630959469877,300.3503349182419,299.01706312171984,297.8135349722592,302.1687240504587,299.64734481524124,298.2904290632506,298.2364729075346,297.64546131318224,298.18862530006663,299.40124861470036,298.89905137948205,300.6637250510767,299.13697933965165,300.5828030500923,299.18122754313987,298.24194359614967,301.1875551412085,299.5173717450902,299.7704285086821,299.4624991768958,300.80158022063625
4,298.7510104943232,299.22650355220577,299.0452838909642,296.54326049574655,299.13226547332835,298.7091104950294,298.89228825079607,299.08215647382366,300.37065878523066,298.17072641770864,298.668773480321,301.7007885994008,301.323931371745,297.80718657540245,298.5428299351573,301.39438306589096,299.49350530899704,300.9644074629941,300.3878044794471,298.9456330799712,299.0747584455164,299.09921237235966,299.4733590720041,299.9852253847237
5,301.01495886071405,296.7755137248191,301.4467740326665,299.41969335144745,298.6942925292329,298.12916991948686,299.3853004986184,297.73938324150373,298.8341832976707,299.65351997549345,301.0839810344541,297.3745401511837,299.73679343225376,301.3138594934126,299.1334150825589,298.4653295930629,300.8384894685966,298.5471087020126,298.9807419754283,298.1862411638535,298.9864912146116,299.1323362302847,297.93560558863726,298.85806217753685
6,297.10721526861647,298.69290796641377,297.70911272301583,299.7756203786465,300.4118371558875,298.17077816983215,301.3792081543796,298.3264195308889,299.0303842535749,301.10663596774293,296.8964617650816,298.9558560827027,298.88174499116684,300.2253374297704,299.74083240635736,300.0837317082056,299.99421166767337,300.46798294366744,298.90742864866047,300.5043216912634,299.3251537043831,300.36055376238807,301.1810621252036,301.3459011453283
7,297.9340866187693,299.3490732922258,299.3757712192239,297.70375316848464,298.10655348867675,299.075267569858,300.8928987300835,301.39142227093134,301.6759860508269,298.64250845143124,298.1830821342456,301.46695308922017,298.7884417789797,300.77633498483925,300.16111386871086,296.4592388601904,298.25299310685267,298.855457395643,300.6912145857091,296.6681660172087,300.5959723374042,296.35164396724207,297.27851789324706,299.3726075615449
8,300.8877183077139,296.51962263991595,298.68345307966325,296.2771978921037,298.72406455623997,297.6272575411892,299.20647081717533,298.5320268881956,297.8649973623067,300.1383669702834,302.37017626140124,297.34089292297546,299.73308650594936,298.336388178762,299.2470041938962,300.81294163804546,299.0796745292479,299.55325147533284,300.85304801664665,300.3782963744042,297.51274972172735,300.2488853474434,299.7260487904117,297.7373539503364
9,297.38414558877935,298.713038413379,298.077831896482,299.31051935040915,299.3705309210395,297.8201562558323,298.95926181712304,300.63441234865047,301.4798162214424,301.95773329523246,298.493285792142,300.4824947779661,300.03667369518524,300.7342093099855,302.33650004211,301.7526574916181,297.668065553535,301.75621827949226,298.36602825017746,300.13380051816483,298.7888808095667,301.59335318678126,301.4147554970502,300.67492328711637
10,297.9840505268865,300.8495826401615,299.4771570223361,299.8851795111973,296.9052764935296,298.84668103343165,299.8399678855437,301.62192558939,297.39841458196514,297.95914014056393,301.0553241812651,300.51700524619633,302.4506029041675,299.2922827308794,299.562024453599,298.527357447732,299.7399503252233,301.87085922782785,301.4405782988563,299.60422465841583,301.5787800971896,299.80229869757824,297.82488286699004,300.4262378237045
11,301.1980201760964,297.0048525269477,298.777097074628,297.0647875517655,299.54488415064134,300.2321994570835,299.5159511077697,298.3081788784831,299.3369804928247,300.44457825708344,301.95512988815534,300.98468609406933,296.75151912982295,301.3244331498623,296.99278326230086,299.47464896092134,302.3528531975571,298.4989820291366,301.35832658997975,299.3758015199201,299.6675488869982,299.70578753213147,300.63621251337827,296.3738537338704
12,297.4860442743811,299.1713984940258,298.1182373967362,299.6002874329609,299.3446968295498,296.6630132418014,301.18047726518915,301.0353419864417,301.339200163718,301.4450289594817,298.2750359144798,298.41599222645215,300.46919627359694,297.6035581780317,301.0681379166304,299.50305440226856,298.0400889963592,300.460674331736,298.0165211735057,301.1297049538426,299.5572882669616,298.76261053578645,300.99582642789255,298.7220709061887
13,299.4011794250928,298.8877940711335,299.27004109369113,297.4875773738,297.7559783136703,299.4567189889331,299.2021612447691,298.80624674887963,298.15653030771097,297.5874383706344,300.6099561508274,299.7532768815399,298.3387387519104,298.18994435606015,299.285443737381,301.8109813708808,298.99804666841044,301.48420661804266,299.91405559716105,300.7729361941244,299.12744775823245,301.55711486618253,299.4141274109902,302.1248431044371
14,299.2387985243287,301.3669031604545,299.26630541311914,298.3643427486247,298.8076690257506,297.609563806695,298.0124661052409,300.04661179873756,302.0067237621186,302.0576547657747,300.1963768983516,300.0081729232563,300.7539671610496,302.31064228282685,299.9664003688358,297.2940633475298,299.5189989631967,298.11039474114096,299.16418246283587,299.92661149656016,301.5676658537239,300.07858316572674,300.2796010459979,298.71041485836173
15,299.10669743999307,296.71686341339995,299.3917678662145,299.9318602942293,299.43032412931535,299.4046411443723,298.6037664673822,300.3266489596579,299.8817322074921,297.77107966298604,299.82987842061704,301.89026356568564,299.46526353820644,298.16388698675775,298.9279676197105,300.42649730618234,300.7275569733201,300.47772626217244,298.1638641020316,300.20123679008344,297.99135866281637,300.314722028277,298.6666285554898,300.55242332991764
16,297.4723701915159,298.2294183099178,298.36185273281876,298.67857502482235,296.86282117569624,297.9190958664864,301.7988882550822,298.52827746259294,298.22962632861726,300.6678757545779,300.3373068894223,300.0592765796328,301.5990599607799,301.3910251253158,300.5240106936852,301.95103225220106,297.54192901282926,301.1112989888006,300.5564197710737,300.0340620789549,301.0021694257011,300.89108794500413,300.78484655256034,302.01969073422083
17,298.8559615504973,300.53627251978673,298.0727668559943,300.159852882582,298.1288813219757,299.44955197584727,299.69526636101295,300.9309214819836,300.6384192089703,302.7469977983687,299.50446016301527,299.1997786325525,297.99862032959317,298.4802227456508,300.30287305788397,297.4368627061495,298.65637724968855,298.6494244491502,301.23688320895974,299.8541793318115,300.5025162025888,300.1625434275575,297.38506130351925,296.36624669042584
18,297.7063824902088,297.5383130233006,299.9455061050745,297.1746786589703,299.18342302867944,299.14514580644203,299.0912455129185,299.55043147945287,299.5424551066947,298.51972787646383,302.7934309565943,301.5327414351884,300.0887904649433,299.6442821390446,300.97568674602593,300.77070860256055,300.13991099419087,299.0724214541005,300.511296674938,299.1023222892465,298.6303664467705,297.5162120360959,298.8630586994944,299.2859370043753
19,299.37670744557545,299.2741719902064,296.1265323575647,298.2448117525128,299.9147383097814,298.14154646076753,301.4491833919538,300.1055892609731,299.85790433127113,298.87535581488874,298.49191293892386,298.3627520195541,301.75498572242265,299.1531021679423,297.17225896043107,301.35750531531215,302.00315602670906,301.6939522184827,297.69382062939695,300.0798430116522,298.0582734988422,299.4703378439876,300.32903918466235,301.47663163941803
20,297.20230318559294,298.33528679784894,299.4568067892845,299.110226031368,298.95630239468454,299.66597713803776,297.4243198540947,301.564082280205,301.14264048984074,299.6240617886809,300.1014657166235,299.29325237916356,298.2375056121384,301.92104152052724,300.2477705655367,298.2381952856876,299.02707244508116,298.20942497434055,300.4073861814354,299.59086275588356,301.01491183759913,301.3519480267625,300.8461225483364,300.6786985216474
21,298.68582644422725,299.1652896078651,298.2258621843735,297.1784244138073,297.8681171150692,298.4704766351633,301.4360643385066,299.243786194987,298.7701542368073,302.64302851851784,299.6971453491239,299.27413957381265,300.06498698112546,298.1079159600094,300.4330142492889,300.835969878762,300.0705053124843,301.35957138752286,299.9550471281729,300.28720293755913,300.1803979823367,298.0423015718456,300.48153253951983,300.0409101009171
22,298.1697100153292,297.82658080903684,299.00367462164223,299.1831655113706,298.4529301517707,298.0532629910677,299.8519868531875,301.3217935220286,300.037635544957,299.12874093094456,299.0790393236004,301.439822425267,299.729545580551,298.51653682005445,300.6253890409089,300.10527833014817,301.2316718860225,300.21415426170785,299.4166837654657,300.4705908465171,299.8122557847653,302.4491565747451,301.3671997933499,300.8092647049876
23,299.34004282075125,300.0426916887772,298.95652396135137,298.32693568872827,298.7568089922003,299.37962602491416,298.05269227213125,298.1129059115354,299.98400590800196,301.7703746220231,301.1540856382833,298.57258515566815,299.5628698506777,301.25682445372337,300.89704270325575,300.6678833508904,301.41913148910567,301.0393414021459,301.5225005283647,301.00252490540396,299.61485949014815,300.81360800142954,298.67816317100204,299.06390781803515
24,298.7308836071821,298.74983315665185,300.42943832393127,299.3143056557654,297.93529705585644,297.6886300512278,298.732035315356,299.2381955628798,302.4251972497777,297.643729448609,301.78111180345525,300.10671633681255,301.335907604705,300.98739653086614,299.1117777688425,298.1882094356903,297.7365358852042,297.6962452955345,300.16751693015004,297.46221194592505,302.06915857100495,299.2030247879008,299.51630464195915,301.156052089714
25,299.4718891318463,296.29828902026173,297.5383365369543,299.2829845966702,300.81240136600604,298.89737365552486,301.31410113930514,300.8703688204846,297.00469901151246,298.86777395187664,297.74195171374646,299.95898879527874,298.3562248713843,298.8414317778456,300.2834118039971,299.6962582301363,302.6587946061189,301.11931122009537,299.75818045776504,300.1653297692048,299.01196791410405,299.67059100268085,301.9369528668999,298.43527751110304
26,298.0063237251168,298.82071577774315,299.227096965777,297.8220847145981,296.97992241869906,299.25974386577417,298.2119182794863,298.0265843976631,301.18476757965595,301.18860729158837,299.75004624772924,302.1394407521681,301.64713572882545,299.8196308889169,298.4263117955704,301.8491297300528,299.4496986040527,298.1165744933318,301.49159797202896,301.70842450478636,299.64619491589923,301.8014237826512,299.92300201958284,301.9499847931775
27,297.5594984681675,299.01525374402473,297.554624442636,299.5293308898582,298.38769296996827,298.69042531987867,300.8835573227309,299.87535852108107,300.13177252722284,301.8045638245782,301.4951597970299,298.2612209927752,297.3757457878629,299.85015890468816,300.97841762172965,300.5677431817602,300.2920943121633,301.1599080571095,298.68389143571875,299.06748331413183,301.51734659408527,299.8128869523618,298.26380651489916,298.89069245689524
28,300.1008200597498,300.1994067411786,300.2231269991014,298.2672741433101,299.63590208058105,298.99898401300607,300.77757490929434,301.15717345120606,300.7741621473696,299.7219260893017,297.5901454810185,300.31117819204695,301.00646246910526,301.490582613497,300.98927754876394,298.4720230652071,301.0811311734563,300.5594780926826,298.96227688389104,299.8822209546973,301.66816562008006,301.2385320144126,299.14218431114745,302.75294340048214
29,300.74069719689675,296.5674979695938,298.84669871426587,299.09966203437835,295.3706702344248,300.8364360206472,300.9640671347368,299.0341456214069,299.73451767585607,300.52803254553424,301.57185854000636,300.77113690815503,302.562130187177,298.61185504724546,301.1783437609701,299.9430734392434,300.07573750440207,299.3773934415183,302.6160581517475,299.3267509436946,299.97243092174375,299.6086497366285,302.59366898176,298.3410046004491
30,298.28759563759604,297.75934568382695,298.42786352301687,299.09117483916634,298.401468642378,297.8758961283088,298.33983886968,299.5875970450048,302.3195694022056,298.8537788958453,299.4223680760683,298.58083616340355,298.906063260968,301.9856822470745,298.25983156752073,302.36348610769755,301.11019113328433,302.2030514247885,298.50162392997305,300.7669687808654,302.8557120742051,302.0096980185597,298.7952731814971,300.7032440477578
31,298.5476167854359,301.10821908603117,298.8895005068322,297.11965911415746,300.99446641404035,297.6500382382618,302.14856098102445,302.64244729221923,298.8696940411853,300.700906798694,301.46101305086813,300.66856134066364,301.00919764875516,299.1910771553731,300.4808708757528,301.56231338100844,299.9785762907657,299.5919920784804,302.1771994739097,298.692762731962,298.48859859408594,297.8446792585168,301.3348929046742,301.25916616433807
32,299.32825573624314,297.76669198178814,299.02624721101637,298.2404487976241,297.9389117272644,299.21884706918945,298.1856008137059,298.5685271685177,300.14542059891465,301.1783292424429,300.17930522589677,298.748851037845,298.9486115557337,302.6183119623555,302.7814056621982,298.0545209136358,300.7902334208039,301.52948768605313,297.9911612665505,300.70775420936695,300.54932257364777,300.06850905563306,300.5325988298336,299.99648743812526
33,297.1955156623041,301.38766829551065,297.1890369532139,300.23546030688385,299.1307698646014,297.10666665530795,301.7704193870814,300.09681798600764,300.2164019485843,299.0509448454174,298.9500179795256,301.23550976705593,301.02605502243273,300.6277442664632,298.76079018824475,301.63103516169343,298.81286776879847,299.8122116666869,300.98368842181617,300.8851061755643,300.6354992212874,301.85011967745294,303.04779692735696,302.1613421363177
34,299.3776815753274,296.67665905237874,299.4044852180442,297.67249464249545,300.44404701221566,298.85408589872736,299.9535081174816,302.3262540498031,299.38713407750555,300.8593898336507,300.6624820272013,300.38635844487004,301.1126788791218,301.02595173146824,299.49364461317936,298.88892589002535,302.4218699440109,302.5617373141565,299.13688396286324,300.96187123668153,297.897314444286,300.30938067860166,299.6500136228296,298.60669001895155
35,299.09598429675816,299.5434984704352,298.6339840020191,298.9565930902589,297.01931258876294,300.2626956353162,301.1955331220155,298.42614490959886,302.8424095674364,301.44051019038733,301.1102261138389,302.11546213822453,298.3066082289311,299.0149174693042,301.04203425641043,299.9005430726986,299.2025035325308,299.52297700087126,300.5745747558835,303.33044050159873,301.5034560788102,300.96735710118236,300.9201493266029,302.0640720105789
36,297.3592218679769,299.3310632332619,299.3852560165208,298.35363495699,297.41216413661147,296.5927945543087,298.710964254584,301.8718577627683,300.2207127205889,297.4774041411243,302.48152720185186,298.60959356978134,300.6035502437555,301.1459948385813,301.77734382830596,301.81493361411896,300.8430857645557,301.6138564387989,302.15681256708564,301.92441903504624,303.31452676200485,299.7558349612827,301.4487735074295,298.9151552999706
37,299.45724163898336,298.3809840094506,297.89912359915274,298.7143088468492,299.65665226938444,298.4662425942674,301.5961170284158,298.30977509360895,297.9790112157836,300.6741555764174,297.2509946827317,301.7210524077811,302.5023236655232,299.7310497493304,297.5784819329876,300.08127873534085,300.7500653519576,301.78414678997996,298.9950072063728,298.06892397558323,298.54359395881715,300.2819078563197,301.2416790145583,301.0001582533428
38,298.8378330828007,299.6584937711261,298.6392929520167,299.41057440555596,298.67956600684647,297.10930374930257,299.4543264173199,298.92972120280405,300.4127153964503,301.8641813690239,299.2891315034689,298.5658376453926,298.54269080404924,301.758687659786,300.8165962881883,300.81849037787396,301.9478051351259,299.126749266306,301.38162061746465,299.699094447141,299.94037029179566,303.2150180545704,300.00751346881117,301.3946526778873
39,298.43626599982457,296.1236351114538,299.80366189117166,299.01344440385014,298.0628126532484,299.11686253601124,301.8651405679455,301.05721387432044,297.80090167847214,298.6537416669216,302.60862419736065,299.96253399498283,298.5282907309507,301.44613733322154,301.3102567219353,300.9599629250874,298.7863106044028,301.1943743532376,300.8505376802936,302.1963374134676,299.6100198058666,298.48297628395716,302.6810061239948,298.9852003711874
40,300.0130441436583,298.5646626213456,298.3212763156199,297.81766017009954,298.7823166208188,298.3616412223103,298.8892127805182,300.8827735631752,301.5623181115439,299.9191195278166,298.33515686995526,303.0374513732066,302.4860967913774,297.99371101250534,298.61787838175155,299.1009468685258,301.1492815113743,301.24989889598555,298.96533712978965,302.3067779471376,302.0473621213776,299.27704302062097,300.4943722581071,303.20069246387317
41,296.3663957855838,300.5458429330718,298.5829671617402,298.6852975166128,301.0134329096223,300.2275275938848,297.5632292711645,298.482106352079,302.9549059374285,298.9337450619334,300.59412845020506,298.8422024440017,302.1627579705817,301.0021828098199,301.71715481427515,302.28693647506094,300.1026023626758,298.275636788206,300.10762916933487,300.25992649464325,299.59835808701814,302.9860014204649,299.71537303391165,300.0328324994486
42,299.1887491456034,296.3473517840286,299.8867336660612,298.44517666043197,295.7262616345406,297.2028436523214,300.05303955262195,300.0387532653722,298.78342090646555,300.1198267869918,302.13651143285045,300.0899715572984,299.8893738058964,298.9959322931208,300.9253574808314,299.89408690958624,298.1508037966603,301.98725234500006,298.82178384665764,299.8340583906385,303.16271746094066,298.49770975760464,303.4693100816117,299.4056475761431
43,299.8144389917399,299.5872550563242,297.34609347326716,299.2433053820931,299.41184888903837,298.51958732550764,301.827529330589,303.0137852370896,301.20322461649624,300.95541079323243,299.8476410174282,300.54814535800773,301.7747684190201,301.331268634281,300.79858048527433,299.7788673687735,301.5235312367049,303.2954745922325,302.8028020058892,301.4238116344656,299.56075446891276,301.9155132246745,299.6186944195934,303.28566654906837
44,297.0450776128516,300.8381387595255,298.7170706693844,299.4049767521198,300.06446354680185,301.3190888047934,299.38730925579347,298.9184264053775,299.13549731193643,300.2460122606503,299.87800849325237,301.0702091811371,300.59611604757094,300.5401742725835,300.9817258139712,301.7899656009659,302.21115540109116,298.8567070678217,302.00694850675904,302.86391329798766,300.5190111803204,299.5962465163571,302.8202738634823,299.7735596518246
45,300.46298477624845,298.68202561946623,299.2512819494708,297.75774076940326,297.5889598858487,297.78335470344257,301.63093717100236,300.45676616710074,300.61932550053746,299.8987592735762,299.7555453888124,302.05810925911595,301.73869426125367,300.34225447994174,301.13448354942875,300.9906641447856,299.16885320354976,299.51239666522196,297.7228940231708,300.46872083717716,303.49469206180106,303.00795777804416,298.9204523194749,300.8353782935169
46,297.19788824687095,298.0312638794048,296.9690672799533,298.99332289132457,299.9422326963889,298.19035949496055,300.8382745188864,302.4521913273254,299.4297031919497,302.7468990515995,300.4179404672418,302.69377186871793,300.9508681373101,303.10073000493065,300.4470110880339,300.0832622305661,300.51016369155474,303.4615342373194,301.0916568118458,300.4941007839433,298.98580714272464,300.2086532670507,301.71884810552655,303.5136390733636
47,299.89183067314184,298.5816029961349,299.1542606849154,300.01390807708594,296.9331349333898,298.97501393252605,299.6443951616181,299.5135942672686,302.8126619084891,299.39951870183796,302.02757983325614,299.63754191678373,301.62470891543927,298.4895053535695,302.9084012454612,301.16091528374085,303.2644762514257,299.9439147344671,302.4960476510712,301.5266796055595,302.3062189557649,300.14458134925604,301.6418893642861,300.9285055939326
48,298.98753572454285,300.0118266684844,298.23819497628295,300.37462770606527,298.68387999223313,300.5176257745092,302.38121011884317,300.8066817378933,298.72562319223385,301.1112377054507,298.50698899659,303.21348575480874,298.5835133455724,299.363452111561,298.6912911387912,299.3715699457271,301.65969413725,300.2549884154203,301.6039742827422,301.61826442795285,300.0524892568157,302.03886119033285,304.18589803002516,302.71763923202474
49,298.91581589626804,297.0747222627631,299.73847020415633,296.9547108790102,301.1349065686373,296.9619474539274,297.32415638852495,300.5265896308313,302.0524478523998,300.47010913352784,301.0251799236809,298.4681466498833,302.2892522402871,302.2800634749724,300.56389020874195,303.4781042477063,299.06792305881464,303.40804007520177,302.27992316772026,298.7646860073548,302.5384588505412,300.47615428727164,298.93925470272984,299.9340628111441
50,296.9170550025492,298.2474794903866,298.909189229573,299.0478033424636,299.81368919714066,299.3804955363857,301.413552611655,298.21967785247597,298.1926840272998,300.56443370033173,302.1743589349184,299.73816324803823,300.97227371201285,300.83127448077613,303.354045685123,300.2848632887474,300.76403189423644,299.18020982933507,299.688575660637,300.97223420304863,299.8123691832231,301.68931571055913,300.7243675945824,301.5194439951371
51,299.6719098965954,300.8005457045209,297.3337751814369,298.3739109364853,298.95905290085966,299.7767153319922,302.9364896177786,300.9277604183169,302.010891212258,301.24409422391733,298.6166625302362,302.98797754457945,302.6827506324699,301.28607079080916,299.16141925502467,302.9709646373802,303.5273199876132,302.0882590923151,303.37502745315015,301.33410853997253,301.0094282995264,301.9030362408036,304.0354097635516,303.2599891258313
52,298.0455415341467,297.17246060753496,300.438738208959,299.61599230839965,297.106666373363,298.020992590148,297.14587332001685,301.1597276998286,300.105701262936,298.5010655711288,301.1826664645163,298.4525226901535,298.9676948936828,303.15819612741774,301.74845160829517,299.64550597562715,299.27955183126056,300.6677482514685,299.9875640203468,301.62713932028964,303.13731448830464,301.79990425583304,299.5194976328535,301.01569971513476
53,298.38109915761856,298.20164922977006,296.7360480403527,298.4597882527282,299.8345795066975,299.45123243057805,298.72804279696805,300.69128911134516,302.4573460726808,300.4909531374793,301.7807666892989,301.42873793462525,302.13315890012564,300.25887138489867,299.24944021238457,302.1537238350168,301.11212603543305,301.8535599760656,301.4874266559806,300.3490065693921,302.96463628433867,302.421257473002,301.61966471253334,302.94604257614816
54,299.3444704809185,301.50446590484563,299.9301884150687,299.21678698208433,297.29238034656487,296.98839939254725,301.79743507859064,301.43472507099835,297.9035886492606,302.0791936174744,299.6563719235675,299.7182652086291,299.0846721648791,301.6719318498504,302.3291559616547,301.2136849144897,302.7075454210173,301.0107781201419,301.9351574184624,303.770593945544,300.82946157511986,302.1496968823648,301.0185018925804,301.4114455237077
55,298.53480023428733,296.4094715769199,301.5203955771145,296.7225848013529,299.23115505291497,297.90114258783916,299.39522886354706,298.7404914153116,301.45052950308263,299.01342772442894,301.00583938471016,301.16975992323955,302.4881405209324,299.1064125009519,301.731948720253,299.2337110653698,297.86010277704895,302.2203972904553,300.53857733244416,301.04203904354716,300.97004930336317,304.154988640701,304.3263046803972,299.3159759092766
56,298.2921851131767,297.65050102548645,296.4726057983357,298.79667222267364,298.2925811301834,298.73975774774755,302.10736967897867,302.0355101823182,299.8743997182099,302.2857509669356,300.56273993373225,302.5057776373155,298.25700844628153,302.7622708301729,300.5259198007927,303.1014343708976,302.2435950809244,301.29415803456925,301.46132079861343,300.61051715082914,302.43776845643924,299.068093248715,301.3484964900612,304.18707236777794
57,299.11978034374266,301.0167565841318,299.03561218046895,299.6970332572823,298.3985878247103,300.93438074508873,300.3310527268469,299.0778421843506,302.0123951243871,299.9299810341455,299.724191615753,299.0912566573343,301.8636936690711,300.11974404456384,302.67155877832374,301.508108636079,302.5100420827418,302.27347724869395,301.3099660530315,301.7086286445468,301.0765665649906,301.69640103143007,301.3454425434607,300.63328156903236
58,298.1601197376426,296.7042208576974,298.61621366341996,296.84946636395256,300.50011106653164,296.20422562830095,300.9627578766806,299.7433957176975,298.45241552783506,299.77494035270826,300.3087261929351,303.15486632713373,299.0935864146198,300.8228314670896,299.17493141206813,299.6313688335802,299.5619661593359,302.00026808997103,301.31124817129836,300.9956259621758,303.7973261743427,303.7157718794762,302.70196956329625,303.9678401334904
59,298.8085097965723,300.24148787681776,298.587188913235,299.05183812807746,296.8634179367778,299.66955513891367,299.3614747533791,301.3421790937311,300.6923550819204,300.8406573946872,300.24687727775694,298.975677920067,303.36010707223204,303.47668896668944,301.0401394862721,299.86613904767563,302.6416780368914,301.7476039397323,300.24228094529735,302.7484190368345,301.8761704265268,300.15093368479893,301.8302672266297,300.8135743859132
60,298.4547016060846,296.69416856811694,299.4678311291511,300.6083242930677,298.79647774907215,299.26440273051804,300.17660086587915,298.965089020981,301.7913263025591,301.30170804741726,300.8991583990548,301.8737893552182,300.02639625804363,300.47002639365655,302.2480649271238,300.25770994415603,301.538990098858,302.8278228118834,302.866429467169,301.5458128231531,302.674934765606,300.6213597593807,304.1495696293539,302.83910855118637
61,301.19306867860763,299.25895574116663,299.88663363876805,297.20785726821003,301.5596805451699,300.5612122506563,301.4993606267394,300.73547432012134,299.5127300334976,299.72481323681995,299.6083789345317,300.54001128267674,301.40072545282766,298.6413065459647,301.12934868673864,301.84436230063915,303.2737862783877,299.3862481070937,300.0579975957201,301.69434182915546,301.1006446828974,301.416162033767,302.1363847426064,300.9991696501736
62,297.87449721747225,300.42449714451635,296.951954041006,298.5639128787191,296.6559422391609,297.5379821151884,301.3600360319156,300.6726816451676,300.9507454917341,302.1585496572559,301.8799077124633,300.6740384223427,302.4208208835123,301.0271148663912,299.1189728222175,301.1483172351928,298.887528248305,302.79127030557316,303.50953037085304,303.3658071209166,302.94563122995214,303.7826007851401,304.0258041262843,301.46742287505685
63,298.3036047252461,297.23691308298646,300.4619568349579,299.94817147844464,299.5634093164121,299.4574605804043,299.70517361609774,301.94101700177015,300.38801907990836,300.938914037473,299.57200947064,303.10209603090834,299.643295821749,301.02319281840033,303.3787534470486,299.1937334681541,302.5727865573031,301.36519429701025,303.56428163167953,300.8239821024859,300.9971012398197,299.39895049865567,301.0735344167121,304.70170638442477
64,298.10343088874635,299.20296878581337,299.55666345794845,297.07116856000147,299.7774153748439,299.8180692951585,302.10411077758476,298.3442347126132,299.90384854580117,299.9981060442252,302.9857681777841,300.0963184843253,302.0783078299173,302.2189737662153,300.0263357266661,301.03281085669624,303.41103809289706,302.52203079073064,297.7792142171409,300.95841269339775,303.4586337936799,302.88944909829405,304.67447257756413,301.2891178919869
65,300.42254273698205,299.4552533542563,296.8871279910167,300.75893325330435,295.756331654813,299.2199449717846,299.7336424248034,302.0691968196827,302.2350241803953,301.1691973011544,299.67268035876583,301.8133849244858,301.61434104963746,299.79110973955056,300.09296815369385,303.456422294724,299.9681264489363,301.53230527931845,301.1321535733343,303.93164325230117,301.4558006652966,304.0313866211393,301.18748955729905,301.98468900238976
66,298.0915925687333,297.07029378699264,299.9072371487355,298.57960070727876,298.47231082293024,298.46692126504564,302.0367931947489,299.4599236651938,300.3417290000948,300.8348832356767,299.34964281461714,302.77734820061875,299.3907233639507,302.1037561023845,302.76064946156464,299.11038982858514,303.5834547507299,300.6344094194456,304.19021385948577,299.1831758110357,304.6109430039318,301.1249643968224,301.6795999747266,303.2219222675644
67,297.9958357867743,299.80176851931947,299.99682689777904,299.47980072574,300.4831170807076,297.5018598502995,299.8279935153177,301.59107106449846,299.9148203312111,301.2295606269625,301.7576623600997,299.9492142132928,302.6149231810849,301.84118486649237,301.22735278765634,301.8968992911842,299.16776948903333,303.57888648800025,300.338032242029,302.08890611438,301.31874955620884,303.38832901999297,304.04287515439546,302.3167675464734
68,299.85465122530303,297.8879789291654,300.12223839327,297.7551329891799,297.6112106336558,299.74940327958376,300.38631211929265,300.3811349156351,301.41698970445674,299.7872641580988,299.5651730211184,301.5562212253562,300.86924517809877,300.62317027656644,301.3004257515507,302.3798844278574,303.0103843822069,299.8083870334331,303.7583364408921,304.3634950815069,301.8290964507617,300.4432980063573,303.81217999096117,304.14900486153607
69,297.0334501721272,299.8327796985223,296.85350833065445,298.3871575699966,298.8168619078909,298.42230710248646,299.14539423750375,300.1412326269137,300.7528291533122,300.5250533970673,301.0643585826741,300.23186713926196,301.33028719227576,301.8619816518212,302.74930518387714,299.0761610523777,304.1031812323751,301.5250851242278,300.6453004555959,299.3981516211454,303.16403275965996,304.7184287744358,301.49365053554953,301.54562957196134
70,298.831445738043,299.1434424906804,299.60018124525527,298.71016799945676,299.80777184707796,298.66090623248874,299.70062482155504,300.5126816165162,301.27982641433647,299.45859320086026,299.83865448417964,300.9814187024988,301.3443670260936,303.0742251502224,299.68613054414055,302.2128057661386,300.20613818958856,303.01620122665,303.8641258108261,301.6500289213922,302.9153444471129,302.3010249736113,303.33371272240703,302.2506876660784
71,301.2941558589353,300.00509930372147,300.20720459909626,299.68722477054484,297.3953970462797,297.28334812609614,302.3516520794097,301.1793207428063,298.702267324107,301.4192699876855,301.15791342789277,302.1249408546114,301.7250067191921,301.3878034313467,302.6906025032245,302.1317891155873,303.91000754825603,300.72416302458095,301.5334997733804,300.82839750360705,303.3872813894173,302.5074987172843,303.37606828146846,302.63663173788655
72,297.91877225014395,298.0125553978152,297.4388041179273,299.29522947135837,299.7207335610453,299.9502440760373,298.65458237693196,299.62017725393537,302.19097099396106,300.4369162958621,301.03792376548887,302.0333281704859,299.2882850848248,301.62512108513647,300.09782679160566,299.16507447126645,300.8560174104282,303.26683582156943,302.72096246396785,303.56201574233404,300.27214961847073,301.16584799852535,302.6245708630415,305.3074475293444
73,298.0442695690803,299.43012183773305,298.3409384640757,299.7628121653019,298.2276521394367,299.01205532027194,298.85583355747235,301.2868273043129,299.5461921500848,298.8723027684867,300.19632629186816,299.77327090759906,300.1671903147687,301.46766121268627,301.4842860195856,303.8877296744034,301.8919680978588,302.5256972342086,303.27852329143985,303.6940066939885,304.50263891852404,304.49145449069937,303.05196607733836,301.01826429446436
74,298.93281923627075,298.2586169265884,299.7281817557299,298.208735250609,298.46673240971194,300.18222594037525,300.376103536796,300.41784065543396,298.9769768126009,300.3238812610792,302.9571825117875,301.92138245926435,303.5877126500512,299.07048923326175,303.1518735337136,299.58075611477034,303.68050007716516,300.8001731072391,301.19301689130907,299.437472759281,302.3982745264846,300.69136651645886,304.7173421844407,303.94074256962904
75,298.8648601965994,298.89796791432263,297.401336539522,298.1904464973771,299.05750560909974,297.964187372003,300.3613509357281,301.031204687367,301.7718723255805,299.3117264708533,298.1136334936959,303.5831784448282,300.06630660217206,302.9412564895501,298.8508317070263,303.7259586490803,301.7027004542553,303.64196293235494,301.915304756804,303.8624306136323,300.9819719281939,304.44196664706146,300.99093964506204,304.3318893944333
76,300.106783398852,297.58874750886974,299.5984204311689,299.8653291807413,299.21505211118443,298.8033370815663,302.685714875712,300.8202960640222,299.9884465027246,300.799056749192,299.6960632053022,298.6654247176487,302.3865352458561,300.88383883661277,302.5319761160302,299.4116717658421,304.6525839766734,300.0668751790552,303.50973730251343,303.3513285360561,305.08967150279676,302.253784327078,304.5195207259904,300.69360605797306
77,299.2519396450456,299.1184093181669,297.97083665272095,300.826802854541,298.30553750297514,298.1756180923386,299.8612697098866,297.907592829545,299.8550442189368,301.80898310969684,299.8957151141989,301.30611864139183,301.5246541943977,301.743566790778,301.05530400317383,301.5687844158972,300.14477723200986,303.1003118010919,300.486816960947,303.4504215639938,302.86403241784495,304.35119077195964,301.70020183136575,304.06878461260914
78,298.2256906182462,300.4494982025051,299.36578909788574,296.38972110367223,299.6364066489061,300.1401993520777,301.3984561821913,300.74363297771544,300.1459216072304,299.09775025713765,301.468290814101,303.4540671364514,300.1751789913688,299.6208624015692,300.77921097099255,301.6112588323696,302.56060443892824,304.1792082512125,303.41664568503165,300.6985173131964,301.98576082850064,304.1137204327856,304.90131951538365,303.35933590976947
79,298.1583461032532,298.56685415702174,299.72340575700025,300.34645802713317,297.3738556103885,299.86241544045987,299.6306903668033,301.0003904610252,301.98595484310664,301.5036169142364,298.2980742930761,298.82125768763325,301.7833270454051,303.0046836513058,302.5507494411913,302.3172007566906,302.9085463929504,301.16401445728997,302.8776992973688,303.50935471856377,304.9053501872695,303.75227266517436,300.869347603457,302.58020907239705
80,297.88633036847335,299.2425947777907,300.9520870432384,298.0785738627472,299.0702614003181,296.58777273224683,300.4438157137482,300.4817344403192,299.86562465601656,298.07817898759157,300.78276767314975,302.5083924290932,301.70208433712196,300.93335672444465,302.12943210155646,300.71123733694895,301.5745533605666,303.30967132818887,299.38041151464245,304.66337574506537,303.58918616981134,303.62651481040893,304.72155865924475,305.3084952708646
81,299.26723571048944,298.6340032737074,299.29694324934775,299.8079469598704,300.79644443634606,299.43880247904355,299.30284318410145,301.0623749105802,300.156148541978,300.68831953954685,303.12983470729705,303.56882715863395,300.56662364986727,302.30341953165316,300.53783681585134,302.7114279759954,304.94496152013505,304.64408198404885,302.9901251472386,300.0184432072108,301.449518092234,301.12496342568494,303.20837492681994,301.8013162154144
82,299.9853057413944,299.95413148681627,296.9441895343354,298.92871792460505,296.67631684613804,300.1881621544807,301.1687221879999,300.0335875107103,301.108806655227,299.1242511706892,298.22675854232267,299.4244642683263,301.9769154502837,301.2426301507461,300.5411979432865,301.3452832265855,301.32530462261417,300.9642550644132,304.04063492534107,304.5820264188935,305.404105541997,304.1370549671392,304.45778822605183,305.09189830698114
83,299.4531801489766,296.1142117184672,298.43568448963725,298.62955829784585,299.12903740813834,297.6339936488033,303.0908587393183,301.5029964591277,297.90870416167303,301.46835612475394,300.4840084408667,302.5873316385501,302.20477634799727,301.26709848790307,302.56042436820286,302.1156072926646,303.12646097963676,303.07088983279135,302.71632782597106,300.5826969606278,303.8535616523895,303.06870944320093,303.2142691089559,300.89322466323114
84,296.59367915097795,299.15217894857756,299.55287157634945,298.87754244104514,298.69257249588463,300.07414872680926,298.89956749549475,298.61612751925287,300.284605586348,299.73696040637213,302.4837113971369,301.2998017626532,299.61862638282554,302.38462198032863,299.2745726820388,299.06735998762457,304.2855706131204,302.159057414145,302.6052495292711,303.67810823810447,301.92595743142493,304.38725365888723,304.7189116484214,305.2228440136383
85,298.6061995178534,299.4047394454663,297.29844592374656,298.6769941267414,298.36172557201263,298.37860023863385,302.5428393485948,302.2794940544158,300.6711791113605,299.20453301103424,298.41612235555607,300.7816015288871,300.8687606109988,302.2994471211587,303.2785461757323,302.619707708279,300.39520566016614,304.8683125784641,302.02870794608174,303.0226239066065,302.97503917631985,301.06364407916845,304.19509738747144,304.9647946743774
86,300.02795583465974,299.41061420373427,299.790854936583,299.3633283978841,298.97348709948784,300.38379818895015,,,,,,,,,,,,,,,,,,
87,298.2934340081913,298.4063437200702,298.44791535951316,297.70417252073184,299.445918222153,298.69061225842717,,,,,,,,,,,,,,,,,,
88,299.08815027301125,301.26144383507614,300.43551387260896,301.0447027674394,298.68345128826996,298.04780721315547,,,,,,,,,,,,,,,,,,
89,298.31902935592046,296.72342515039605,297.7350986299621,298.33994635472754,298.6281272638571,299.73639892740516,,,,,,,,,,,,,,,,,,
90,301.0615230206311,298.7706233587299,297.84579090950587,298.4805522038858,300.8609902920629,297.18276642278613,,,,,,,,,,,,,,,,,,
91,296.22142121274646,299.68904884345324,297.67278399536207,300.4446370562339,298.8764952882896,298.35660517758754,,,,,,,,,,,,,,,,,,
92,298.5541096669397,300.1271136475079,299.1641937736892,296.979862015566,299.038571381767,301.01800557193127,,,,,,,,,,,,,,,,,,
93,300.0885962345805,297.2339931226978,299.16818000244683,298.78862118990565,298.38183871241927,298.4145020760638,,,,,,,,,,,,,,,,,,
94,296.6633748043525,300.44504697433746,297.82759094643893,299.9731048200539,298.64219473964494,300.0614450219361,,,,,,,,,,,,,,,,,,
95,299.2060774450922,298.7503645971421,300.07131791062176,297.865389816696,300.859492834941,297.36838234610946,,,,,,,,,,,,,,,,,,
96,298.20101997565524,298.5341987777126,296.8373493616967,298.2976305588981,297.72478534626947,299.41249004216195,,,,,,,,,,,,,,,,,,
97,300.7389232577944,299.82070892758117,298.86347465775526,300.65597195635485,300.3209323765221,298.20692548805755,,,,,,,,,,,,,,,,,,
98,296.0600725874708,299.04971864262956,298.007210253566,298.1365214722326,299.0565393408731,301.2172605041054,,,,,,,,,,,,,,,,,,
99,298.8747511403026,297.25901297117827,299.32855405099195,300.56285015624957,299.501643085377,296.84168891360173,,,,,,,,,,,,,,,,,,
100,298.55127657192037,299.2715164648402,301.68896617653934,297.27018062543215,296.5019503365015,299.5140142792366,,,,,,,,,,,,,,,,,,
101,299.84378538915456,299.85819011449087,295.6241017451851,298.78487727738224,299.559783026853,298.02541869981735,,,,,,,,,,,,,,,,,,
102,298.25435722453517,297.95764789094716,298.9529735174694,300.2391658038771,300.6608847284887,300.8882575715135,,,,,,,,,,,,,,,,,,
103,299.5453671273593,298.93908111580475,300.5431076567868,296.8486107402211,297.98296537885057,297.67777335488364,,,,,,,,,,,,,,,,,,
104,299.31421646414515,298.87364127705604,296.8315506621678,298.96981744867816,298.53442183774297,299.5070517812151,,,,,,,,,,,,,,,,,,
105,298.7728187843081,300.9854706781833,299.63841434271853,298.95172897859635,299.87239209039717,300.4070630361826,,,,,,,,,,,,,,,,,,
106,298.27973384459983,296.79574621710896,298.7949649171374,298.3555583973611,297.913827282368,297.6047124162067,,,,,,,,,,,,,,,,,,
107,299.095570902981,299.46735545523717,300.8222321943227,300.1310087110317,299.1110058608242,299.2382357558452,,,,,,,,,,,,,,,,,,
108,299.07323779380704,300.48983524775275,297.3946618660346,299.8399764439029,299.09591787495117,300.50947773037245,,,,,,,,,,,,,,,,,,
109,297.3858442887165,298.23251466201566,299.4916591778442,298.62008072366456,299.50060313514973,297.9566500573721,,,,,,,,,,,,,,,,,,
110,299.7936884901544,299.59921340284797,299.94823785453474,298.95112036105974,299.5107356536011,297.9019460267587,,,,,,,,,,,,,,,,,,
111,299.5198127044933,299.2592125805833,298.18881676933904,301.1345578783053,299.98341526256513,300.06179223286773,,,,,,,,,,,,,,,,,,
112,297.7964387685928,298.7463109447615,300.66778293139737,298.7039570045321,298.92236107758407,297.7455545436273,,,,,,,,,,,,,,,,,,
113,298.173363080715,298.7064179616549,298.09909166714954,300.43135431820525,298.3874109246976,299.71528163111174,,,,,,,,,,,,,,,,,,
114,299.3050665140398,298.9175377886607,297.6211238546944,298.38475090204906,297.9809282161801,299.76313843823004,,,,,,,,,,,,,,,,,,
115,298.5358730225102,297.2257173805793,300.13596020120457,299.4448197533939,298.1777473309251,298.6605215080846,,,,,,,,,,,,,,,,,,
116,297.06568513341836,299.05755742678065,297.6903158242859,300.5984865797756,301.47597605253833,297.6324121053664,,,,,,,,,,,,,,,,,,
117,297.93031242184753,301.1226952142509,298.9860438164598,298.13879489420344,299.1094807670094,299.3212927567474,,,,,,,,,,,,,,,,,,
118,300.35455345024104,297.6539320795265,301.6066273242537,300.12224807286253,297.77307250832274,298.99777835134523,,,,,,,,,,,,,,,,,,
119,298.3700020500628,300.55961896598444,297.89457867205056,300.0120043169564,300.42164306192785,299.96853805376986,,,,,,,,,,,,,,,,,,
120,298.35458509595713,298.0552029919001,300.03871347007777,297.0477933144435,299.50093343207726,298.64066774462333,,,,,,,,,,,,,,,,,,
121,298.90643120718875,300.1220397324925,299.40407756270395,299.4396947218924,296.7288697288055,299.3010611325705,,,,,,,,,,,,,,,,,,
122,299.7289137894242,298.3283223745082,298.4007227952636,299.334795568719,299.6045083482646,298.93525999055095,,,,,,,,,,,,,,,,,,
123,299.9631085732693,299.92993515933165,298.8105901086254,296.8005183383518,297.09594440050813,299.4995504608733,,,,,,,,,,,,,,,,,,
124,297.0993210567845,298.0508177457209,299.24162654603157,299.2661422680797,298.6333782504203,299.92949218647703,,,,,,,,,,,,,,,,,,
125,297.902475344386,297.0974357498542,299.8670584346298,298.97497776163044,298.71998804155686,296.3461555951023,,,,,,,,,,,,,,,,,,
126,301.18130853652923,298.6062515259997,299.2385770197212,299.55182505543024,299.0754842709698,299.5621251109027,,,,,,,,,,,,,,,,,,
127,298.7385279570865,299.07324686314723,300.216033913598,299.0124176374013,300.02443719764443,300.00201001294135,,,,,,,,,,,,,,,,,,
128,297.7530738749304,299.4039030419845,297.42012253772566,300.9762673393479,299.83434805846986,297.20853434229065,,,,,,,,,,,,,,,,,,
129,298.5907734050525,298.72064994605336,299.44409422199294,296.05030952783085,296.8303084161576,300.2538282756387,,,,,,,,,,,,,,,,,,
130,298.88506424420024,298.5511678488064,298.10925753559917,300.12399757184727,299.0793018839586,299.1290779924939,,,,,,,,,,,,,,,,,,
131,299.44177273205463,299.70041582576033,299.21842342530164,298.23322772426917,298.311677099453,297.5282582951096,,,,,,,,,,,,,,,,,,
132,301.29323946846694,298.6694297552273,299.5397432695125,300.23571346490763,298.5950067427006,298.4858322749988,,,,,,,,,,,,,,,,,,
133,296.8661874173626,297.28013001232586,299.02616513016534,299.03291443834297,301.80597585054323,300.59168708029296,,,,,,,,,,,,,,,,,,
134,297.67472856985955,300.0792008883125,298.88613582588863,301.21422500349223,298.68113686569296,297.78006377148137,,,,,,,,,,,,,,,,,,
135,298.817772687161,299.42731279009644,299.54005088135114,297.25367007053495,298.96337495484215,298.51388087235233,,,,,,,,,,,,,,,,,,
136,300.9910427416703,300.1227732388964,298.27960373057977,299.1678140257812,300.06176917342214,300.63584661309477,,,,,,,,,,,,,,,,,,
137,298.1364146985475,297.2982296280932,301.01035803779854,301.43172857716473,298.02400192269573,296.966942662451,,,,,,,,,,,,,,,,,,
138,299.22002469284706,298.9188532349958,296.6450217556506,296.7384503438337,299.896931324106,299.52203685682684,,,,,,,,,,,,,,,,,,
139,300.4855724972829,299.1590614797564,300.56329721417745,298.4693627517956,298.9733309893034,297.2862644390198,,,,,,,,,,,,,,,,,,
140,298.8237287710011,299.8499904456599,299.90628125608725,301.4930369477845,299.5788889575635,298.3284291924019,,,,,,,,,,,,,,,,,,
141,296.6716097902742,299.6847066132586,296.6812885655286,297.1843877663705,297.51346872058434,300.7911171108945,,,,,,,,,,,,,,,,,,
142,297.4883406423355,298.87254500882244,299.3264688520205,298.5782707770888,297.87915020342206,298.58864044123925,,,,,,,,,,,,,,,,,,
143,298.62386772656413,300.0545928955433,300.7211601905142,299.44221212865506,301.771423585717,298.66382366422334,,,,,,,,,,,,,,,,,,
144,298.9322622792568,296.68397499402846,299.43808986460726,299.9383042947712,297.12843004616417,301.22323511272793,,,,,,,,,,,,,,,,,,
145,298.32994825564265,298.80048295115665,297.69241972535013,297.08870613268726,298.7776439717199,297.33423426571716,,,,,,,,,,,,,,,,,,
146,299.1466725572291,299.1131626959212,300.4099977654169,299.03175218552343,301.8332083496889,298.1781913339045,,,,,,,,,,,,,,,,,,
147,299.2661306638435,299.58450899981,299.0576075634642,297.49416795555595,297.9133385387136,300.03442899119227,,,,,,,,,,,,,,,,,,
148,300.421011936265,297.8096517267579,298.0780407100806,299.95307260396913,299.5808249356151,297.6839831122792,,,,,,,,,,,,,,,,,,
149,296.60436640547124,299.109149371842,299.61747076619037,298.84308857642367,299.49589171684374,300.4729815737382,,,,,,,,,,,,,,,,,,
150,299.443584183548,300.10794687997844,300.48842403568113,299.32824626554265,299.8550820949122,298.1509550032738,,,,,,,,,,,,,,,,,,
151,299.0259776402266,299.9955619779621,299.4699382345796,297.7977681988136,299.3698848024653,297.585020916653,,,,,,,,,,,,,,,,,,
152,298.76738759771274,296.17339241913265,296.3143742346925,299.23107611653535,299.8694890235773,298.97887614072556,,,,,,,,,,,,,,,,,,
153,300.9059733388203,299.17082957933343,298.805252346961,299.2789441472706,298.61640801420737,301.3038785298933,,,,,,,,,,,,,,,,,,
154,295.78788401873095,300.571940293251,300.9232698785127,299.0193506038081,300.4751125329765,297.63211559865346,,,,,,,,,,,,,,,,,,
155,299.0577349926834,299.7416178111434,297.3549386502587,300.38557048695924,299.25157574288943,300.766843709615,,,,,,,,,,,,,,,,,,
156,300.0852635550698,298.74923732901453,299.5918727176069,298.300941760621,298.09817709430195,297.38363350886675,,,,,,,,,,,,,,,,,,
157,298.92374935132443,299.49416159370327,301.4125198683923,298.4781407734038,300.080394973894,300.95150780990315,,,,,,,,,,,,,,,,,,
158,298.98780828508643,300.30066052566417,296.6607858165169,300.69446145518845,300.4330748940827,299.50985821008584,,,,,,,,,,,,,,,,,,
159,300.07652170235315,300.0081517108631,299.91301985926077,301.4353208944604,299.1959054846093,297.1269248236492,,,,,,,,,,,,,,,,,,
160,297.60786515059044,298.98979028101377,298.76665439950176,296.535034848038,298.7743446877635,300.2622872192214,,,,,,,,,,,,,,,,,,
161,300.38479958171115,300.06646852410233,298.5977922473132,298.21567813908786,300.94704418709193,300.0733490833209,,,,,,,,,,,,,,,,,,
162,299.9854065541399,299.08881628939497,300.23950715639984,300.1138909030282,296.46308169756236,298.28167522083737,,,,,,,,,,,,,,,,,,
163,296.41482673444835,298.5401324034985,299.43134477679814,300.83290455627537,299.5826986522475,300.0973581508453,,,,,,,,,,,,,,,,,,
164,299.0094583755931,298.70653107952677,297.39718794225655,297.35012212224893,298.9308640256723,299.10163458345437,,,,,,,,,,,,,,,,,,
165,299.58643598813666,,,,,,,,,,,,,,,,,,,,,,,
166,299.1057590467079,,,,,,,,,,,,,,,,,,,,,,,
167,297.31257922355707,,,,,,,,,,,,,,,,,,,,,,,
168,300.86222297338605,,,,,,,,,,,,,,,,,,,,,,,
169,298.3874038661997,,,,,,,,,,,,,,,,,,,,,,,
170,299.560363891602,,,,,,,,,,,,,,,,,,,,,,,
171,297.47849675603334,,,,,,,,,,,,,,,,,,,,,,,
172,300.50336863915015,,,,,,,,,,,,,,,,,,,,,,,
173,297.49126093326544,,,,,,,,,,,,,,,,,,,,,,,
174,299.1885037872379,,,,,,,,,,,,,,,,,,,,,,,
175,298.3678498790835,,,,,,,,,,,,,,,,,,,,,,,
176,297.66109625586273,,,,,,,,,,,,,,,,,,,,,,,
177,300.95151743592726,,,,,,,,,,,,,,,,,,,,,,,
178,298.35309258514644,,,,,,,,,,,,,,,,,,,,,,,
179,297.7749299813934,,,,,,,,,,,,,,,,,,,,,,,
180,299.21908559169816,,,,,,,,,,,,,,,,,,,,,,,
181,297.1476291812118,,,,,,,,,,,,,,,,,,,,,,,
182,299.6818297034232,,,,,,,,,,,,,,,,,,,,,,,
183,297.6830136916846,,,,,,,,,,,,,,,,,,,,,,,
184,298.1344797199242,,,,,,,,,,,,,,,,,,,,,,,
185,298.7491319426451,,,,,,,,,,,,,,,,,,,,,,,
186,298.3205544604435,,,,,,,,,,,,,,,,,,,,,,,
187,298.41421544706816,,,,,,,,,,,,,,,,,,,,,,,
188,299.3810655198952,,,,,,,,,,,,,,,,,,,,,,,
189,298.66354416363845,,,,,,,,,,,,,,,,,,,,,,,
190,299.8557747831364,,,,,,,,,,,,,,,,,,,,,,,
191,297.82185648303386,,,,,,,,,,,,,,,,,,,,,,,
192,299.73578793176176,,,,,,,,,,,,,,,,,,,,,,,
193,299.0260281257261,,,,,,,,,,,,,,,,,,,,,,,
194,297.5615027702451,,,,,,,,,,,,,,,,,,,,,,,
195,299.07806255900925,,,,,,,,,,,,,,,,,,,,,,,
196,298.9661461145974,,,,,,,,,,,,,,,,,,,,,,,
197,298.2567588405436,,,,,,,,,,,,,,,,,,,,,,,
198,299.50820313546933,,,,,,,,,,,,,,,,,,,,,,,
199,298.45602166416637,,,,,,,,,,,,,,,,,,,,,,,
200,298.2125091990434,,,,,,,,,,,,,,,,,,,,,,,
201,298.4536204466005,,,,,,,,,,,,,,,,,,,,,,,
202,298.2392073859513,,,,,,,,,,,,,,,,,,,,,,,
203,297.33977846669944,,,,,,,,,,,,,,,,,,,,,,,
204,299.7017789170664,,,,,,,,,,,,,,,,,,,,,,,
205,297.6757863952023,,,,,,,,,,,,,,,,,,,,,,,
206,298.46001280835867,,,,,,,,,,,,,,,,,,,,,,,
207,299.1475222153734,,,,,,,,,,,,,,,,,,,,,,,
208,298.2285576043709,,,,,,,,,,,,,,,,,,,,,,,
209,299.8721874411869,,,,,,,,,,,,,,,,,,,,,,,
210,297.57460469478315,,,,,,,,,,,,,,,,,,,,,,,
211,297.9151872070437,,,,,,,,,,,,,,,,,,,,,,,
212,299.37982029745035,,,,,,,,,,,,,,,,,,,,,,,
213,297.465567526335,,,,,,,,,,,,,,,,,,,,,,,
214,299.50413700625165,,,,,,,,,,,,,,,,,,,,,,,
215,297.7443480699402,,,,,,,,,,,,,,,,,,,,,,,
216,299.3779516798147,,,,,,,,,,,,,,,,,,,,,,,
217,299.01988663112496,,,,,,,,,,,,,,,,,,,,,,,
218,299.4404477064306,,,,,,,,,,,,,,,,,,,,,,,
219,299.2131798387743,,,,,,,,,,,,,,,,,,,,,,,
220,297.19399944301523,,,,,,,,,,,,,,,,,,,,,,,
221,299.1510954834543,,,,,,,,,,,,,,,,,,,,,,,
222,299.59215458681115,,,,,,,,,,,,,,,,,,,,,,,
223,296.8987482783344,,,,,,,,,,,,,,,,,,,,,,,
224,299.3280972387281,,,,,,,,,,,,,,,,,,,,,,,
225,299.4639425851704,,,,,,,,,,,,,,,,,,,,,,,
226,298.14144494234233,,,,,,,,,,,,,,,,,,,,,,,
227,299.72734815958734,,,,,,,,,,,,,,,,,,,,,,,
228,298.8556970076549,,,,,,,,,,,,,,,,,,,,,,,
229,298.40938330321677,,,,,,,,,,,,,,,,,,,,,,,
230,300.1669907327101,,,,,,,,,,,,,,,,,,,,,,,
231,297.8570123987484,,,,,,,,,,,,,,,,,,,,,,,
232,299.49201461641974,,,,,,,,,,,,,,,,,,,,,,,
233,299.5660187302672,,,,,,,,,,,,,,,,,,,,,,,
234,297.5831251084839,,,,,,,,,,,,,,,,,,,,,,,
235,297.060636555419,,,,,,,,,,,,,,,,,,,,,,,
236,299.19701961834875,,,,,,,,,,,,,,,,,,,,,,,
237,297.7481295412139,,,,,,,,,,,,,,,,,,,,,,,
238,299.29403808813373,,,,,,,,,,,,,,,,,,,,,,,
239,300.9868671121203,,,,,,,,,,,,,,,,,,,,,,,
240,296.41967240992193,,,,,,,,,,,,,,,,,,,,,,,
241,299.768675759572,,,,,,,,,,,,,,,,,,,,,,,
242,299.5878579512012,,,,,,,,,,,,,,,,,,,,,,,
243,296.5224243057863,,,,,,,,,,,,,,,,,,,,,,,
244,298.98415177216106,,,,,,,,,,,,,,,,,,,,,,,
245,299.6393143378478,,,,,,,,,,,,,,,,,,,,,,,
246,300.4411963485339,,,,,,,,,,,,,,,,,,,,,,,
247,297.3045229010779,,,,,,,,,,,,,,,,,,,,,,,
248,299.3828548195424,,,,,,,,,,,,,,,,,,,,,,,
249,298.50176130009913,,,,,,,,,,,,,,,,,,,,,,,
250,298.8521647719718,,,,,,,,,,,,,,,,,,,,,,,
251,300.4483463939777,,,,,,,,,,,,,,,,,,,,,,,
252,297.7730469341772,,,,,,,,,,,,,,,,,,,,,,,
253,299.3487612994099,,,,,,,,,,,,,,,,,,,,,,,
254,299.95624355465003,,,,,,,,,,,,,,,,,,,,,,,
255,297.86533994562683,,,,,,,,,,,,,,,,,,,,,,,
256,297.9418676812149,,,,,,,,,,,,,,,,,,,,,,,
257,298.3715885820243,,,,,,,,,,,,,,,,,,,,,,,
258,300.3512068354035,,,,,,,,,,,,,,,,,,,,,,,
259,297.8624162173586,,,,,,,,,,,,,,,,,,,,,,,
260,299.9384045316704,,,,,,,,,,,,,,,,,,,,,,,
261,297.8594778272422,,,,,,,,,,,,,,,,,,,,,,,
262,299.7796688105589,,,,,,,,,,,,,,,,,,,,,,,
263,296.4137149031297,,,,,,,,,,,,,,,,,,,,,,,
264,298.8741433621088,,,,,,,,,,,,,,,,,,,,,,,
265,299.39456079248424,,,,,,,,,,,,,,,,,,,,,,,
266,300.92896194476106,,,,,,,,,,,,,,,,,,,,,,,
267,297.1482776794075,,,,,,,,,,,,,,,,,,,,,,,
268,300.46331238239117,,,,,,,,,,,,,,,,,,,,,,,
269,299.1957957638749,,,,,,,,,,,,,,,,,,,,,,,
270,297.7556401127939,,,,,,,,,,,,,,,,,,,,,,,
271,298.1047698883808,,,,,,,,,,,,,,,,,,,,,,,
272,298.7872854089311,,,,,,,,,,,,,,,,,,,,,,,
273,298.47142807245564,,,,,,,,,,,,,,,,,,,,,,,
274,299.69482587705414,,,,,,,,,,,,,,,,,,,,,,,
275,298.161056552086,,,,,,,,,,,,,,,,,,,,,,,
276,299.68231616698614,,,,,,,,,,,,,,,,,,,,,,,
277,297.8915467589604,,,,,,,,,,,,,,,,,,,,,,,
278,298.1875025757577,,,,,,,,,,,,,,,,,,,,,,,
279,300.33020983018315,,,,,,,,,,,,,,,,,,,,,,,
280,296.9527812531997,,,,,,,,,,,,,,,,,,,,,,,
281,299.2913044085542,,,,,,,,,,,,,,,,,,,,,,,
282,299.39506172183263,,,,,,,,,,,,,,,,,,,,,,,
283,296.66026813264233,,,,,,,,,,,,,,,,,,,,,,,
284,299.8973085278639,,,,,,,,,,,,,,,,,,,,,,,
285,296.58912890915764,,,,,,,,,,,,,,,,,,,,,,,
286,299.2007163559579,,,,,,,,,,,,,,,,,,,,,,,
287,300.35945902157806,,,,,,,,,,,,,,,,,,,,,,,
288,296.9983170588339,,,,,,,,,,,,,,,,,,,,,,,
289,300.41707531057403,,,,,,,,,,,,,,,,,,,,,,,
290,298.0044078850853,,,,,,,,,,,,,,,,,,,,,,,
291,299.2197873262527,,,,,,,,,,,,,,,,,,,,,,,
292,297.2523111877268,,,,,,,,,,,,,,,,,,,,,,,
293,299.35890197797966,,,,,,,,,,,,,,,,,,,,,,,
294,298.9893099891815,,,,,,,,,,,,,,,,,,,,,,,
295,298.28197689951406,,,,,,,,,,,,,,,,,,,,,,,
296,299.3004333492501,,,,,,,,,,,,,,,,,,,,,,,
297,297.8817952717348,,,,,,,,,,,,,,,,,,,,,,,
298,299.4849926461545,,,,,,,,,,,,,,,,,,,,,,,
299,296.9041559135335,,,,,,,,,,,,,,,,,,,,,,,
300,299.91306145910943,,,,,,,,,,,,,,,,,,,,,,,
301,298.47733318979476,,,,,,,,,,,,,,,,,,,,,,,
302,298.2875892364685,,,,,,,,,,,,,,,,,,,,,,,
303,299.6674414993924,,,,,,,,,,,,,,,,,,,,,,,
304,296.79528080881704,,,,,,,,,,,,,,,,,,,,,,,
305,299.3678181370471,,,,,,,,,,,,,,,,,,,,,,,
306,300.139449111853,,,,,,,,,,,,,,,,,,,,,,,
307,295.40488171078437,,,,,,,,,,,,,,,,,,,,,,,
308,299.087310926973,,,,,,,,,,,,,,,,,,,,,,,
309,300.34928771212384,,,,,,,,,,,,,,,,,,,,,,,
310,297.83328457427666,,,,,,,,,,,,,,,,,,,,,,,
311,299.62816339212253,,,,,,,,,,,,,,,,,,,,,,,
312,299.3525967399407,,,,,,,,,,,,,,,,,,,,,,,
313,297.6339524136913,,,,,,,,,,,,,,,,,,,,,,,
314,299.2626839121622,,,,,,,,,,,,,,,,,,,,,,,
315,298.72148675085697,,,,,,,,,,,,,,,,,,,,,,,
316,299.58055691212417,,,,,,,,,,,,,,,,,,,,,,,
317,296.95606355174374,,,,,,,,,,,,,,,,,,,,,,,
318,297.7348053194864,,,,,,,,,,,,,,,,,,,,,,,
319,299.9888191738135,,,,,,,,,,,,,,,,,,,,,,,
320,296.75598416065526,,,,,,,,,,,,,,,,,,,,,,,
321,296.8243164606725,,,,,,,,,,,,,,,,,,,,,,,
322,299.2701750539736,,,,,,,,,,,,,,,,,,,,,,,
323,300.9150922672745,,,,,,,,,,,,,,,,,,,,,,,
324,297.0012321160511,,,,,,,,,,,,,,,,,,,,,,,
325,299.5784571247852,,,,,,,,,,,,,,,,,,,,,,,
326,297.62995610687705,,,,,,,,,,,,,,,,,,,,,,,
327,299.390333992967,,,,,,,,,,,,,,,,,,,,,,,
328,298.5723302453878,,,,,,,,,,,,,,,,,,,,,,,
329,298.58398580703476,,,,,,,,,,,,,,,,,,,,,,,
330,299.6803215191347,,,,,,,,,,,,,,,,,,,,,,,
331,298.35406874571123,,,,,,,,,,,,,,,,,,,,,,,
332,299.2073193315178,,,,,,,,,,,,,,,,,,,,,,,
333,298.1994792035029,,,,,,,,,,,,,,,,,,,,,,,
334,297.53765298501133,,,,,,,,,,,,,,,,,,,,,,,
335,299.8422701093654,,,,,,,,,,,,,,,,,,,,,,,
336,296.5797291747522,,,,,,,,,,,,,,,,,,,,,,,
337,298.53583021952295,,,,,,,,,,,,,,,,,,,,,,,
338,301.13057856025944,,,,,,,,,,,,,,,,,,,,,,,
339,297.1441961083511,,,,,,,,,,,,,,,,,,,,,,,
340,297.73404315556974,,,,,,,,,,,,,,,,,,,,,,,
341,300.3824583780365,,,,,,,,,,,,,,,,,,,,,,,
342,297.1197697955011,,,,,,,,,,,,,,,,,,,,,,,
343,299.0880177930941,,,,,,,,,,,,,,,,,,,,,,,
344,299.01871670050804,,,,,,,,,,,,,,,,,,,,,,,
345,299.9860161890446,,,,,,,,,,,,,,,,,,,,,,,
346,298.10982158322685,,,,,,,,,,,,,,,,,,,,,,,
347,297.2636241294126,,,,,,,,,,,,,,,,,,,,,,,
348,299.66793626901,,,,,,,,,,,,,,,,,,,,,,,
349,297.45915905011407,,,,,,,,,,,,,,,,,,,,,,,
350,297.8340864526819,,,,,,,,,,,,,,,,,,,,,,,
351,299.13116318851326,,,,,,,,,,,,,,,,,,,,,,,
352,300.2982130702289,,,,,,,,,,,,,,,,,,,,,,,
353,298.4519146558739,,,,,,,,,,,,,,,,,,,,,,,
354,296.5905975899022,,,,,,,,,,,,,,,,,,,,,,,
355,298.32693860656013,,,,,,,,,,,,,,,,,,,,,,,
356,299.99547914843566,,,,,,,,,,,,,,,,,,,,,,,
357,298.6650714954198,,,,,,,,,,,,,,,,,,,,,,,
358,296.8824049038116,,,,,,,,,,,,,,,,,,,,,,,
359,299.99650303478114,,,,,,,,,,,,,,,,,,,,,,,
360,298.5683165566351,,,,,,,,,,,,,,,,,,,,,,,
361,299.53636226507064,,,,,,,,,,,,,,,,,,,,,,,
362,298.49428905794434,,,,,,,,,,,,,,,,,,,,,,,
363,298.76157148351564,,,,,,,,,,,,,,,,,,,,,,,
364,298.3259649981937,,,,,,,,,,,,,,,,,,,,,,,
365,299.28280799475357,,,,,,,,,,,,,,,,,,,,,,,
366,297.57804444381213,,,,,,,,,,,,,,,,,,,,,,,
367,298.9075143463494,,,,,,,,,,,,,,,,,,,,,,,
368,299.76015308145185,,,,,,,,,,,,,,,,,,,,,,,
369,298.70583438299286,,,,,,,,,,,,,,,,,,,,,,,
370,299.33929060084944,,,,,,,,,,,,,,,,,,,,,,,
371,297.0006036164952,,,,,,,,,,,,,,,,,,,,,,,
372,299.42723570928166,,,,,,,,,,,,,,,,,,,,,,,
373,298.56683205797214,,,,,,,,,,,,,,,,,,,,,,,
374,298.4872633796847,,,,,,,,,,,,,,,,,,,,,,,
375,300.30062452156557,,,,,,,,,,,,,,,,,,,,,,,
376,297.5373707602101,,,,,,,,,,,,,,,,,,,,,,,
377,298.5661971509937,,,,,,,,,,,,,,,,,,,,,,,
378,300.07652861737023,,,,,,,,,,,,,,,,,,,,,,,
379,299.4246389804566,,,,,,,,,,,,,,,,,,,,,,,
380,299.49838785139485,,,,,,,,,,,,,,,,,,,,,,,
381,297.5565578082601,,,,,,,,,,,,,,,,,,,,,,,
382,296.9599762876261,,,,,,,,,,,,,,,,,,,,,,,
383,298.7214171507119,,,,,,,,,,,,,,,,,,,,,,,
384,301.2072873924239,,,,,,,,,,,,,,,,,,,,,,,
385,297.49073423010026,,,,,,,,,,,,,,,,,,,,,,,
386,299.1519100237263,,,,,,,,,,,,,,,,,,,,,,,
387,299.175777720544,,,,,,,,,,,,,,,,,,,,,,,
388,298.9347911474934,,,,,,,,,,,,,,,,,,,,,,,
389,298.01465497502613,,,,,,,,,,,,,,,,,,,,,,,
390,299.433431116078,,,,,,,,,,,,,,,,,,,,,,,
391,298.77755209763313,,,,,,,,,,,,,,,,,,,,,,,
392,297.8238694283976,,,,,,,,,,,,,,,,,,,,,,,
393,298.4612981354531,,,,,,,,,,,,,,,,,,,,,,,
394,300.45727881993525,,,,,,,,,,,,,,,,,,,,,,,
395,296.96710627314513,,,,,,,,,,,,,,,,,,,,,,,
396,297.80309019759136,,,,,,,,,,,,,,,,,,,,,,,
397,299.996374041785,,,,,,,,,,,,,,,,,,,,,,,
398,296.45770982233597,,,,,,,,,,,,,,,,,,,,,,,
399,299.6243315278844,,,,,,,,,,,,,,,,,,,,,,,
400,299.4642886502194,,,,,,,,,,,,,,,,,,,,,,,
401,299.2446311240695,,,,,,,,,,,,,,,,,,,,,,,
402,297.30739102374645,,,,,,,,,,,,,,,,,,,,,,,
403,299.9233395066183,,,,,,,,,,,,,,,,,,,,,,,
404,297.6104737676064,,,,,,,,,,,,,,,,,,,,,,,
405,298.6429306851844,,,,,,,,,,,,,,,,,,,,,,,
406,299.398403762629,,,,,,,,,,,,,,,,,,,,,,,
407,297.8082265230773,,,,,,,,,,,,,,,,,,,,,,,
408,298.43054588891624,,,,,,,,,,,,,,,,,,,,,,,
409,299.2579853727659,,,,,,,,,,,,,,,,,,,,,,,
410,298.56635448949635,,,,,,,,,,,,,,,,,,,,,,,
411,298.19781085887735,,,,,,,,,,,,,,,,,,,,,,,
412,299.84569258189237,,,,,,,,,,,,,,,,,,,,,,,
413,301.6937363699246,,,,,,,,,,,,,,,,,,,,,,,
414,298.5930613082865,,,,,,,,,,,,,,,,,,,,,,,
415,296.4287535561275,,,,,,,,,,,,,,,,,,,,,,,
416,299.7174175068735,,,,,,,,,,,,,,,,,,,,,,,
417,297.6145881510669,,,,,,,,,,,,,,,,,,,,,,,
418,299.64232685722766,,,,,,,,,,,,,,,,,,,,,,,
419,298.88454826912425,,,,,,,,,,,,,,,,,,,,,,,
420,300.25746996369986,,,,,,,,,,,,,,,,,,,,,,,
421,296.7061061006731,,,,,,,,,,,,,,,,,,,,,,,
422,298.4044744394466,,,,,,,,,,,,,,,,,,,,,,,
423,297.4704990548479,,,,,,,,,,,,,,,,,,,,,,,
424,300.4976757630547,,,,,,,,,,,,,,,,,,,,,,,
425,298.01003487614963,,,,,,,,,,,,,,,,,,,,,,,
426,300.33482423392667,,,,,,,,,,,,,,,,,,,,,,,
427,295.72022764098784,,,,,,,,,,,,,,,,,,,,,,,
428,298.0975184814036,,,,,,,,,,,,,,,,,,,,,,,
429,299.67661270957404,,,,,,,,,,,,,,,,,,,,,,,
430,298.7301314108851,,,,,,,,,,,,,,,,,,,,,,,
431,297.39166602121367,,,,,,,,,,,,,,,,,,,,,,,
432,298.3756401465148,,,,,,,,,,,,,,,,,,,,,,,
433,298.4951782075688,,,,,,,,,,,,,,,,,,,,,,,
434,298.8671575708163,,,,,,,,,,,,,,,,,,,,,,,
435,297.8616382043974,,,,,,,,,,,,,,,,,,,,,,,
436,299.0693754271086,,,,,,,,,,,,,,,,,,,,,,,
437,297.750042910092,,,,,,,,,,,,,,,,,,,,,,,
438,299.7054196467133,,,,,,,,,,,,,,,,,,,,,,,
439,299.13865262248254,,,,,,,,,,,,,,,,,,,,,,,
440,297.3526906873722,,,,,,,,,,,,,,,,,,,,,,,
441,298.91717405301233,,,,,,,,,,,,,,,,,,,,,,,
442,300.7874623029047,,,,,,,,,,,,,,,,,,,,,,,
443,296.08767199401905,,,,,,,,,,,,,,,,,,,,,,,
444,298.8609908172844,,,,,,,,,,,,,,,,,,,,,,,
445,298.7149346506304,,,,,,,,,,,,,,,,,,,,,,,
446,300.24936488563475,,,,,,,,,,,,,,,,,,,,,,,
447,297.4698950683547,,,,,,,,,,,,,,,,,,,,,,,
448,299.86602130829795,,,,,,,,,,,,,,,,,,,,,,,
449,297.3368276982662,,,,,,,,,,,,,,,,,,,,,,,
450,298.9612976810622,,,,,,,,,,,,,,,,,,,,,,,
451,299.7884869027245,,,,,,,,,,,,,,,,,,,,,,,
452,297.232769503313,,,,,,,,,,,,,,,,,,,,,,,
453,298.7512795885679,,,,,,,,,,,,,,,,,,,,,,,
454,297.53088312951803,,,,,,,,,,,,,,,,,,,,,,,
455,300.4413449495805,,,,,,,,,,,,,,,,,,,,,,,
456,298.16019534321305,,,,,,,,,,,,,,,,,,,,,,,
457,298.485186647833,,,,,,,,,,,,,,,,,,,,,,,
458,298.9551797445741,,,,,,,,,,,,,,,,,,,,,,,
459,298.80529013126056,,,,,,,,,,,,,,,,,,,,,,,
460,298.15808864176205,,,,,,,,,,,,,,,,,,,,,,,
461,299.52360297073284,,,,,,,,,,,,,,,,,,,,,,,
462,298.5463853250631,,,,,,,,,,,,,,,,,,,,,,,
463,299.9076237647536,,,,,,,,,,,,,,,,,,,,,,,
464,298.63204556439786,,,,,,,,,,,,,,,,,,,,,,,
465,299.0538393339938,,,,,,,,,,,,,,,,,,,,,,,
466,296.71106192585074,,,,,,,,,,,,,,,,,,,,,,,
467,299.665768472122,,,,,,,,,,,,,,,,,,,,,,,
468,297.66381217891296,,,,,,,,,,,,,,,,,,,,,,,
469,299.590540535869,,,,,,,,,,,,,,,,,,,,,,,
470,297.8555904932431,,,,,,,,,,,,,,,,,,,,,,,
471,297.7566451157477,,,,,,,,,,,,,,,,,,,,,,,
472,299.75116368237974,,,,,,,,,,,,,,,,,,,,,,,
473,298.57006143442345,,,,,,,,,,,,,,,,,,,,,,,
474,298.3718886071749,,,,,,,,,,,,,,,,,,,,,,,
475,301.13952355035707,,,,,,,,,,,,,,,,,,,,,,,
476,297.6082376907914,,,,,,,,,,,,,,,,,,,,,,,
477,298.4174097451102,,,,,,,,,,,,,,,,,,,,,,,
478,299.64141704299146,,,,,,,,,,,,,,,,,,,,,,,
479,298.58126220027117,,,,,,,,,,,,,,,,,,,,,,,
480,300.28804640523845,,,,,,,,,,,,,,,,,,,,,,,
481,298.2874397227378,,,,,,,,,,,,,,,,,,,,,,,
482,299.9992551974769,,,,,,,,,,,,,,,,,,,,,,,
483,296.4501595242809,,,,,,,,,,,,,,,,,,,,,,,
484,298.6552062964165,,,,,,,,,,,,,,,,,,,,,,,
485,298.28611567113205,,,,,,,,,,,,,,,,,,,,,,,
486,299.09585727460404,,,,,,,,,,,,,,,,,,,,,,,
487,296.2893159996319,,,,,,,,,,,,,,,,,,,,,,,
488,299.7836925260472,,,,,,,,,,,,,,,,,,,,,,,
489,297.29890645681786,,,,,,,,,,,,,,,,,,,,,,,
490,298.9587269283165,,,,,,,,,,,,,,,,,,,,,,,
491,299.49500240412027,,,,,,,,,,,,,,,,,,,,,,,
492,299.02809354169193,,,,,,,,,,,,,,,,,,,,,,,
493,296.86389805724485,,,,,,,,,,,,,,,,,,,,,,,
494,299.8093127946417,,,,,,,,,,,,,,,,,,,,,,,
495,299.020082996716,,,,,,,,,,,,,,,,,,,,,,,
496,298.2976803420686,,,,,,,,,,,,,,,,,,,,,,,
497,299.0395036842708,,,,,,,,,,,,,,,,,,,,,,,
498,299.25960202855913,,,,,,,,,,,,,,,,,,,,,,,
499,299.99033850421506,,,,,,,,,,,,,,,,,,,,,,,
