Experiment,piControl
Member,r1i1p1f1
0,
1,301.37805528551365
2,298.7019850518977
3,299.61861300445486
4,301.5662256920313
5,299.7200832793317
6,299.8747334155341
7,299.52580316190034
8,300.2777169240015
9,301.13722649415234
10,300.3861951812998
11,299.0771167294999
12,300.74209202198665
13,301.19618107325294
14,299.7133374637038
15,298.63451234167366
16,299.2390045284999
17,299.4759623502894
18,299.9447765930483
19,300.01646163273955
20,301.64329076187465
21,299.54942645469924
22,301.42734608487086
23,298.57260696380723
24,299.9048185274959
25,300.3454751632712
26,298.7988732408014
27,298.9166055551195
28,300.27738385982354
29,299.5097614443618
30,300.2481047259856
31,299.0887685637303
32,300.19009443450517
33,299.6852614982633
34,301.2876062792201
35,298.7443225318718
36,298.16570192200624
37,300.44968264950563
38,301.09077237469
39,299.9436972923443
40,300.33821980367367
41,299.1882088390326
42,300.6423682110448
43,300.5116258089367
44,299.10390094455175
45,299.568853872018
46,299.6280259237342
47,300.62697795995877
48,300.6450295547997
49,300.0150657730917
50,298.98860288937067
51,299.4470159237636
52,300.15576710937904
53,299.777950179005
54,300.5656463309212
55,301.79894847661217
56,298.2314272084183
57,300.01454950990245
58,299.3787744551378
59,301.2284969477646
60,298.7596863889459
61,298.3397507899005
62,299.0172761024733
63,300.2172938381564
64,301.1426497020362
65,301.9229534393623
66,297.97472808259806
67,297.6696060988102
68,298.88601591218986
69,300.74619086464946
70,298.9702345923497
71,300.0143944615554
72,300.6110075860424
73,300.4185760370722
74,299.1907888265895
75,300.3774746452232
76,298.29821850994443
77,298.9788134365576
78,300.8567190498226
79,301.5950076559703
80,299.01584349685953
81,299.76381595538373
82,300.20429452865363
83,298.8483690780017
84,300.7653589324934
85,300.6956268258962
86,299.81938235924673
87,299.4252211692121
88,298.93232779353593
89,300.51368235998706
90,299.38183514149637
91,299.90993793578815
92,301.41777099717115
93,300.30596117429155
94,299.9052994948261
95,301.2117707745247
96,299.1330797037931
97,300.6755340240417
98,300.16717842225745
99,300.2662642540783
100,299.70524313057734
101,300.5360202881417
102,300.3680867737545
103,299.06969016125186
104,300.65156849686923
105,299.05040765397666
106,300.5142820676587
107,301.3352749248608
108,298.85458173788993
109,299.85062959249814
110,299.8277871545097
111,299.5318866837036
112,300.11269206835846
113,300.0167561807297
114,298.84587184505256
115,300.859842820207
116,301.2799381566045
117,299.90521867051507
118,300.72980371071407
119,298.3500843880402
120,299.93071190236014
121,299.6380109977426
122,301.69390468142024
123,299.26614117250455
124,299.03678409883383
125,300.6727127032365
126,299.1724184871345
127,301.7398250962164
128,299.91996383821925
129,299.5383910495081
130,299.8247874993979
131,300.1480439669058
132,300.5485262868943
133,300.1477852010505
134,301.03079522744804
135,299.1688459409809
136,301.5273609348727
137,299.30433501008366
138,299.42527058886907
139,300.9205542171514
140,301.3603350969662
141,298.81411111271944
142,301.5934788510701
143,299.5843008599793
144,299.9892133484648
145,298.27510367100643
146,299.0523523421812
147,300.106922850094
148,299.0140590816766
149,299.6990313546016
150,300.88107790824137
151,298.8768841542635
152,300.21830217153985
153,299.719098888362
154,300.2022309619517
155,302.1066739251806
156,299.3941755424128
157,299.414002686895
158,300.09910313211554
159,300.15479152462166
160,300.5331068268426
161,298.72079050632857
162,299.05851595246605
163,299.13196561222765
164,300.0060777471715
165,300.9853625644544
166,298.11700569718715
167,301.4343374165057
168,298.8654772954828
169,300.51209892369434
170,300.2822697561465
171,299.2696342690349
172,300.84446766295076
173,300.4723909591026
174,298.4842791776621
175,299.1540970087789
176,300.0339799655401
177,298.86634015109433
178,301.10166917337824
179,299.9177685449318
180,300.2787336440645
181,301.5048803970639
182,299.60623473581313
183,297.6771351681621
184,299.9482827878292
185,301.6635589179136
186,298.22773097272676
187,299.74177111585556
188,301.01009726257047
189,298.04687778044524
190,300.42207712097525
191,300.27979783082316
192,300.4919634898137
193,300.4903010892405
194,301.35776909947504
195,300.63534492557227
196,299.3295497023903
197,300.0876896109658
198,301.4437938945864
199,301.1508368018496
200,298.92464769968893
201,299.3834070508711
202,300.96456661625535
203,299.3906322267995
204,299.90484819471936
205,299.911873442325
206,300.92428819392984
207,299.07192954579574
208,300.51329218981425
209,300.25767828611754
210,299.3279096391456
211,300.4152117122165
212,299.69394377267355
213,300.17022784686094
214,300.00623193634175
215,299.65689929224374
216,299.16744080227727
217,299.3465313419991
218,299.73844531179543
219,299.41563771407124
220,301.2745481380938
221,301.01223294219716
222,299.4195492684791
223,300.98878074369776
224,301.25710543355154
225,297.9934338122611
226,299.9267538072503
227,300.4028267639259
228,301.11732705906917
229,297.3576963623539
230,298.1170923739023
231,300.79642081152537
232,301.09970084018556
233,299.92835530305643
234,300.99777126613077
235,299.7105084614464
236,299.8924742261767
237,301.76091182006843
238,299.25774530291704
239,299.23054993310376
240,300.05611601402285
241,298.53474126856355
242,298.8701113356071
243,299.65985041970885
244,300.48501405775255
245,299.42446410174006
246,301.64215452949225
247,298.7408969995972
248,299.9547490134894
249,300.9520544906316
250,300.0537077153044
251,300.00651212203024
252,300.42587458256526
253,300.3530256994952
254,299.6597921273628
255,301.0720256328591
256,300.3359234511716
257,299.5095950009004
258,300.06395207185443
259,300.32815554420273
260,298.4134553727442
261,300.0603654873748
262,300.77079669750617
263,300.03276760391935
264,301.82334856214135
265,298.0953638271327
266,300.0432590184235
267,300.11671225968456
268,298.43631496528786
269,299.0657378385585
270,301.11419485971913
271,301.560533782178
272,300.0009906157081
273,298.2803500550766
274,299.7683173399332
275,299.65131692063454
276,301.2867224678851
277,299.23257120071634
278,299.8935661639113
279,300.965581240057
280,298.7440653852232
281,301.0489781207605
282,301.29545565214113
283,299.49603969697586
284,300.1170446849281
285,300.74567582963704
286,300.1586954264417
287,300.1886415415385
288,299.22175497937985
289,301.2309829427432
290,301.23837370025126
291,300.47740463332985
292,299.42256032328856
293,300.8532062566091
294,299.3399557735796
295,302.245000182884
296,299.2686540368571
297,299.05175728350036
298,299.37165461831154
299,301.2584976060768
300,299.3515616994621
301,301.9834115143901
302,298.9897247773398
303,299.4504762816455
304,301.78862817242475
305,299.2973803217728
306,299.3017967063275
307,300.4529742644259
308,301.29179892073313
309,300.74180477554006
310,300.9893942582803
311,299.9922677867451
312,300.8371027777912
313,300.28851149136995
314,301.2957263799479
315,299.70324776735276
316,299.0647915748397
317,300.20539007626354
318,301.13988006547123
319,301.25434716809133
320,299.10140418355866
321,301.77577049164705
322,299.78803921106777
323,300.0222976887607
324,300.3038039825016
325,300.70979268063047
326,300.79783579907104
327,299.1574679421933
328,298.2633348338583
329,299.7192817640723
330,300.3277477325061
331,301.4095711216656
332,299.39895167066584
333,300.74108522345426
334,299.78131589792264
335,299.64050513475763
336,300.33510407465195
337,299.74199828801994
338,300.7282010924346
339,300.9375742624749
340,299.5936991914445
341,298.50467169392795
342,301.2877985784697
343,300.7188159785141
344,298.1253000202202
345,300.39819536755545
346,301.93389443675756
347,299.5989316608796
348,297.7124089507956
349,299.96786537543704
350,302.10231492001776
351,300.0253994068659
352,298.8757525588635
353,299.17881597808224
354,298.4984671621332
355,299.158843681063
356,301.93336511575046
357,299.26889542947146
358,299.88257387652806
359,300.04559155623025
360,300.22182444967206
361,300.7102130227241
362,301.1450628085349
363,300.4579367015536
364,302.0591554910718
365,298.7478125152484
366,298.1960571610195
367,300.81202046521526
368,301.39662216578404
369,300.5140725388031
370,298.76013384234335
371,299.3726253553304
372,300.6085729998651
373,299.2782255460879
374,298.89608975199457
375,300.34839159020845
376,301.53133967294724
377,300.0471357249276
378,299.90367417677845
379,300.3808736564642
380,300.4781617110951
381,298.96663229160697
382,299.8752351724919
383,299.3954369431945
384,300.41034059323897
385,298.45174252642596
386,300.45765215453076
387,300.4344058285547
388,302.1071867680091
389,299.48440297037934
390,299.79763957082554
391,301.53741010165936
392,300.8524756845389
393,299.9799253971359
394,299.9271136732259
395,298.6101099134401
396,299.89105425572455
397,301.40505448391764
398,298.01373669373174
399,300.1196221954145
400,301.4914032622665
401,301.7263424816699
402,298.9515144796133
403,299.3450491921983
404,299.3283791897533
405,300.21641766851184
406,300.4021319304824
407,300.12339535217427
408,300.46226296434503
409,301.45125508129814
410,299.52774490001025
411,299.9514473786607
412,301.3011446634673
413,298.62720128547136
414,301.1009254146364
415,301.4776657238745
416,299.5971414191958
417,299.6671728460001
418,301.2542926682806
419,300.4831173650144
420,299.8121283038178
421,301.0034588028748
422,298.77921558454506
423,298.3991426273131
424,301.0401572793947
425,301.5375127696838
426,299.238129479837
427,299.6308915280725
428,299.785705322257
429,300.890742113955
430,300.0443128797224
431,298.75151685569176
432,300.7865170093851
433,302.27672105504274
434,299.31534241691537
435,299.02666361587035
436,298.87980039539497
437,300.8147346978949
438,300.3135446084984
439,301.09480533752327
440,299.7526544798352
441,300.4238280810833
442,302.14196810373977
443,298.13129646114226
444,298.93060953528936
445,301.25858668485665
446,300.15274148077845
447,300.14839892289996
448,299.2497152944671
449,301.12045488240716
450,300.7100986590303
451,300.50646120209495
452,299.7435176044783
453,300.58405824529285
454,300.30175869816736
455,300.21983168524326
456,300.90165283750383
457,301.44794425744095
458,298.63429184851043
459,298.84662416936294
460,300.70437821202114
461,300.53839636522474
462,299.9628694136491
463,299.68172150534946
464,300.7317105774651
465,298.34761144248415
466,299.25542831497324
467,300.38706044055215
468,301.87415203904203
469,298.81745157373774
470,299.70072150397135
471,299.7433349924175
472,301.25641890782003
473,299.04382898844875
474,301.3797346699862
475,300.04235073613364
476,299.8495736895522
477,300.7567826696281
478,300.46085779655874
479,300.37173085205706
480,301.0081952707317
481,301.3495621639177
482,298.4044039244463
483,298.4097763171896
484,301.1758710400956
485,300.05538234682734
486,300.0540736237653
487,300.45385837147245
488,298.6260384581122
489,299.557819693031
490,299.6537725801293
491,302.04804422645145
492,297.92448946954073
493,299.6094686089196
494,300.28958145805433
495,301.33301349495287
496,300.91677954560924
497,300.6403695050878
498,299.8888198631544
499,300.7952833511297
