Experiment,piControl,historical,historical,ssp245,ssp370,ssp585
Member,r1i1p1f1,r1i1p1f1,r1i1p1f2,r1i1p1f2,r1i1p1f2,r1i1p1f2
0,,,,303.3002476863628,303.34354992226935,303.33245539216625
1,299.87517131060747,300.27237468965694,300.40487693460847,301.797071683574,301.32220418642146,302.62338945896187
2,300.1369362730349,300.5518049846391,300.60037798171464,301.3060794659578,301.10525395082266,301.1232305596902
3,300.22803522638355,300.52863499414707,300.5108398019567,300.66233089242337,300.7174376105691,301.456825781557
4,301.30012076395616,300.7825402313877,301.0819132445906,300.55837304779647,300.5739160112303,301.38390300943735
5,300.96172334118114,301.2356550982118,301.4220329016501,300.8658694159878,300.79164208296953,301.44768322412193
6,301.51574008624146,300.7240758724485,300.4041371522781,301.4309420440142,302.1569861776691,301.8368314589477
7,300.19420067743243,300.5538944017128,300.4012292402755,302.1217564824646,301.74932811282247,301.11972292397377
8,299.38512719369817,300.6354355564631,301.55664759451133,300.8576138707726,301.555735088155,302.1686341952929
9,299.732454135561,299.55473002021,300.78102065870354,301.3022485024306,302.0724298593959,303.22036439650464
10,300.1070151938872,299.69249852803387,300.6506267788328,301.96397189661417,301.63139905345537,303.1138694454371
11,300.74363686405053,300.50557737935435,300.35568904486536,302.2613484370908,301.9198893511802,301.408719285828
12,300.70132168429103,301.5417544775916,301.42456195619843,301.8127119703765,302.07595621572744,301.321119986645
13,301.5359020891963,300.8848420319896,301.0827788875228,301.2308730201301,301.8397216026095,301.6649688115586
14,301.38691629481167,300.51488753438656,300.51765762473343,301.6872488498449,301.85145744403644,302.54531886965015
15,301.2082692691552,300.0828101027984,300.0610014954702,303.50456656086675,302.6008326755724,303.8861351024254
16,300.3018384704986,300.6891631895672,300.7622803880533,301.74771413054117,302.10285505684345,302.70420336715733
17,300.3828677177885,300.8199138041666,300.5387757218982,301.85520874746015,301.7938382125332,301.63167440354977
18,300.9614374283974,300.4404220373644,300.2647442741761,302.89667671235037,302.381546606517,301.7697851595194
19,302.0713341856136,301.1117770177354,300.13750895128896,302.9302187407804,302.08858103898325,301.56375619279873
20,301.10243445374323,303.0870166083998,300.87569124107796,302.20116743342055,301.25439440621574,301.88755151215804
21,301.30459435491576,301.96611193961024,301.4946098278304,302.035442904725,301.5255536606243,302.26561852020717
22,300.54687472173686,299.98235359913923,301.1089616374498,302.5323261652302,301.4401050443243,304.4914669574428
23,299.8972679340364,299.3954566453369,300.3811844316506,301.96261478860595,301.8451499862832,303.1586072269442
24,299.56511003442364,299.6561201928179,299.670444810922,302.23052758554644,302.62846884954007,302.5444846027284
25,299.83232950914294,299.4783718012537,300.2200473290124,302.2656619905292,302.6358873454081,302.2859435006397
26,299.4256418047834,299.6414819859784,300.583703903316,302.07160741191495,302.5641548550355,302.16678433412636
27,300.557645806096,299.79148976833255,300.5461405869972,302.09531106335817,301.5095746655962,301.88000360029406
28,301.2345123384164,300.15094980023724,301.0849185730793,302.0506083012744,301.84554289421834,303.03832498164616
29,301.0786372582424,300.9662061094751,300.98565190014796,301.5891101335665,301.8664421380278,303.16986495493285
30,302.0015002345361,300.96886433519484,300.55863961640324,302.0434434432639,302.7163803517979,304.0490966406299
31,300.9042686800098,300.384155344525,300.649074240426,302.38885778292206,304.7963966827913,302.55344581381854
32,300.7430316408141,300.3021813471046,299.95531290492175,302.4824246437395,302.4152299705863,302.0219345270346
33,299.6998336230884,299.5621084374081,299.89736041707744,302.6174628688719,301.59363876431183,302.6851222661221
34,299.66682275454883,300.9006447168792,300.63512921085606,302.12239565966814,302.35570532315495,302.17934337332196
35,300.302989391572,300.23072924883814,300.5795598557877,301.524160217731,302.9968617763116,302.844973099877
36,299.74287822368973,300.98777352403516,299.8389888706797,302.4148056597551,302.2173683375475,303.11991090929445
37,300.99376637062846,300.1712512395308,300.65377427124366,302.00196236347824,302.77705098729285,304.2094543937015
38,301.2027993055423,299.749914355715,300.19570965947486,302.69774675839085,303.505496422449,302.81827801926244
39,300.0086374993448,299.41022447271945,300.3652462353098,302.068358254872,302.7414564693309,302.7891435106281
40,299.7675748854839,299.318977871683,299.8542292945724,302.0117139497703,303.7735598409201,301.75098786055645
41,299.7447537846098,299.1966625017058,299.6328130743673,301.85091598289904,302.6048219933305,302.1998307083132
42,300.18201939410926,299.3412113389773,299.5701768636434,302.2111212802278,302.536920568138,302.8995324974292
43,301.1618266586161,300.02261056846606,299.81416689638894,303.25248878249084,301.9367199533462,302.30226125550934
44,301.07701562184394,300.1215886738168,300.47969537944914,302.4444447736063,301.16542051979854,302.94332662088885
45,301.0300954810445,299.6302887926077,300.172620233667,301.87413505775106,302.3169255255238,303.2873276048935
46,300.10972910174274,300.02311794813704,300.60252434465457,301.8152639606854,304.52381754566375,303.4493461828808
47,301.0615901358256,300.2637701191183,300.94587913260557,303.1174415967193,304.88212849220145,302.78211556812107
48,300.8129305284795,300.0647297246341,300.7871267811383,303.6509016167481,302.6690966174993,302.336478064048
49,299.4575638164136,301.20136767116634,301.1815051398375,303.8868579560885,302.3169745435883,303.2950642509492
50,299.4315595516376,301.0770365888716,299.90136444822133,302.3958847189501,302.2399458624803,303.13220355700685
51,300.7515663769734,300.73916674781975,300.14406281104095,302.4313241212919,302.7210204777162,302.88501169441236
52,302.4830799553774,300.4806174719235,300.4230981306899,302.92377108431555,304.1567680340478,304.52564231257446
53,302.7497842971342,300.8291676572516,300.115555917816,303.50839526396976,304.32336698774753,302.9389724444349
54,299.83886057678757,301.0490152160879,300.5663182931723,303.0033682727208,302.33660275096656,303.4853824350535
55,300.01071062781494,300.53867701615985,301.2267437836169,302.82822008882357,302.3813691311209,305.0971685815096
56,299.48512732606224,299.8119766094792,300.503485155322,303.1620772229871,302.1277605447716,303.2493499391462
57,300.472569580074,299.257299913458,300.62337047721934,305.1132688135676,303.03945631061714,303.2474663887285
58,300.35150740356215,300.2952256547222,299.2242062533885,303.77835002202033,303.241664343797,303.11065901227556
59,300.61642759675215,301.0522943256658,300.318649872417,302.3895438338964,303.51140575647923,303.13039434472773
60,300.6094365965761,300.6713280444096,300.10083342257775,302.8507104488112,302.6172423864103,303.89058017041754
61,301.1407605835652,300.29458244125124,299.26159288649825,302.81771963838565,303.03535635047757,305.0872607529894
62,300.5207744287259,300.3079342972453,300.1672239151785,303.3866641976374,302.3199556700361,305.1573727873929
63,300.52015472506145,300.89106623568614,300.8365519595441,302.7105693505794,302.37219395672986,306.33429014813834
64,300.61649575935985,300.60644737925884,300.08419813653654,302.47605008684303,304.027994494137,303.52962560794043
65,301.10589748758247,299.71968949812134,301.84255758038336,303.40542924012783,305.7650978095503,303.7910618319136
66,300.4454429481064,300.04960808489136,300.09480509123074,303.0809360996072,304.897866870087,303.44686403349505
67,302.2360444604768,299.86932762393195,300.6528715755084,302.96638237169094,304.1758559202178,304.2106904833171
68,300.34959550384207,300.06518393866054,301.83728959431306,302.51110918137874,303.096161906886,303.9746383026049
69,300.5841542089929,299.8384793193582,299.9497999236009,302.7444672736098,302.70684266069844,304.69010249417926
70,300.093066642673,300.2156355568425,300.5820890606449,304.30631786245254,302.7129344188951,305.1911112854633
71,300.4760167567583,301.2474120591578,301.030706883861,304.3002804020783,303.9968638009679,304.2621487614943
72,300.3069605067672,301.0206353027606,300.292543556169,302.98826524331236,304.23992055700717,304.46027897432316
73,300.75762657160817,302.41193203063216,300.65510697300437,303.54369078037854,303.96953752524433,305.13673426721016
74,300.77264567781697,300.3775554451887,300.4441830971029,302.6746964997965,304.0646047589246,304.4069653579416
75,299.96724880173,299.9594703459329,300.4900383323164,303.016457557625,304.336747132997,303.5713014040405
76,299.8401194436388,300.2262428384626,300.1942811249289,303.0245366074552,303.8689490109216,303.00511850520445
77,300.3089801847529,300.0068200598293,299.2432872657461,304.44051341418236,303.46030182591437,304.3177828881518
78,300.15103682762145,300.03284745495836,300.8991080359204,303.18677017356146,304.0094118157863,305.0044937746538
79,301.03568800257455,300.78917215924724,300.9134693260805,302.8929214272984,304.0579581181348,305.6633291697481
80,301.3760204763304,300.92363045878193,300.03724629413153,303.4632499340367,304.1154582048491,305.37155622627324
81,300.9302374106288,300.70556678762216,300.71373409569816,302.46732088813803,303.9913767647157,305.0647978397729
82,301.23846060435403,300.31473087690216,301.28758792475975,302.1583580463884,303.96392540382277,303.99905555288666
83,300.8376892000617,300.52446467587384,301.2690553350228,302.70940007416937,303.4250714713576,304.5691511495673
84,300.8764863911794,299.7505737800341,300.6253725825663,304.1476869548974,303.9319511136439,305.1455812752417
85,300.2052520249676,299.8617965394779,300.34146393435634,301.41748043974627,303.2005024311225,303.82296756621616
86,300.2235312570673,300.46428349258787,300.3427808803628,,,
87,300.13664311174875,300.68151278028665,301.4581517630782,,,
88,300.0287521582491,300.0802486596976,300.8752988596648,,,
89,299.64733565967884,300.6246164566891,300.8276026486365,,,
90,300.364994317836,299.4906857252526,300.3558643854102,,,
91,300.1304856963798,299.986327423499,300.75453645747444,,,
92,300.55320769229144,299.91079567564174,300.69331479111634,,,
93,300.65888407710344,300.3800008061203,300.7149622434436,,,
94,300.4162105879575,301.73507572517866,300.73001386420316,,,
95,300.28214929034175,300.85155065875455,301.2132054336439,,,
96,300.592846794085,300.8507405306187,300.3930880480347,,,
97,300.91984644970734,300.9065430055368,300.069306448403,,,
98,300.50616282230425,301.3569136851231,301.1661921372113,,,
99,300.86400844885816,301.46137834141103,300.20209867905476,,,
100,300.6484832994841,301.0644256749248,300.61655616327215,,,
101,300.7807963837207,300.4501064346978,300.7365311047141,,,
102,300.46388484798194,300.9591500814915,301.5029955434987,,,
103,299.6163601729855,300.8110828581505,301.1218278847606,,,
104,299.7712932745278,300.89986409595497,301.6560222613493,,,
105,300.13085806525777,300.1963492376994,300.88399953467916,,,
106,300.54165849929484,300.61276467153453,300.52959697040455,,,
107,300.7925867147044,300.60313271631503,300.3463084510126,,,
108,300.4295586239107,301.82412409082076,300.34509036984974,,,
109,301.3372316149333,300.54985688590045,299.8037387984898,,,
110,301.68352788464944,300.43278034588457,300.03395324153365,,,
111,300.9000777273356,299.9336309582661,300.1901813310064,,,
112,300.3611775919082,300.2788843903846,300.6116421355832,,,
113,300.6586427154701,300.8723975016676,300.96737881196,,,
114,300.9563057357407,302.0388963319037,300.9298177482936,,,
115,300.239937573331,301.0847695673686,300.33851347932165,,,
116,300.7384108555995,300.6787350432562,301.5297021322149,,,
117,300.2781622693689,300.3778186568978,302.34457055250226,,,
118,300.57064234234923,300.1137707557593,300.25821100234356,,,
119,299.70592287470544,300.70622039970294,300.06926816899437,,,
120,300.2176767748069,301.1669414834401,300.4220306347684,,,
121,300.4696441096104,301.91947288320483,301.4241163370006,,,
122,300.22668067006475,301.8773227560769,302.324493609209,,,
123,300.6856064704586,300.60167786886666,301.14680404193604,,,
124,300.78467523896273,301.0738914537995,300.6000253413726,,,
125,300.6076962261833,300.79284702851214,300.88399646564386,,,
126,300.81943686989854,300.64725307753156,301.59338180455705,,,
127,300.02960772533146,300.9530597925909,302.063750994236,,,
128,300.409561107776,299.8770054827149,300.94772128442645,,,
129,301.3728514146641,300.5418456241254,300.5301039753128,,,
130,300.94999809574455,300.6935124391616,300.8154834524394,,,
131,300.5581353388595,300.7357910654003,300.2543710791767,,,
132,300.2133421440504,301.37573223850507,300.8483372709868,,,
133,300.05533151968547,301.38448549753355,300.8607913103317,,,
134,300.41334617803415,301.7226989936674,302.38522101467333,,,
135,301.0697556656355,300.20325645154975,301.5918968835694,,,
136,301.18016901559776,302.171683636542,300.3840047001163,,,
137,300.66232793073806,301.61451893188496,300.50789688814797,,,
138,301.56015915384063,300.94744123607694,301.0955148929052,,,
139,302.3269089542659,301.3572832777841,300.63060594920097,,,
140,300.39102680111927,300.3133935162667,300.30017462008715,,,
141,300.7187121564831,300.50888748241096,300.34991342153893,,,
142,300.4160630886373,300.88067045357593,301.33436374754064,,,
143,300.2818356790833,302.12950657192465,301.8600941134766,,,
144,300.74711368349296,301.1898713194054,301.0497041259368,,,
145,301.67746621642425,301.4057151352941,300.3126393577486,,,
146,302.8353653190457,300.6438900786006,301.1403875266678,,,
147,301.39854782304195,301.1834040775391,301.8414596320729,,,
148,301.0453509604572,301.6029590148392,301.7117132987668,,,
149,299.25535156751056,302.36341337817186,301.0261238694453,,,
150,300.6269795373688,301.82898632251073,302.3140988020054,,,
151,300.4456410752468,300.39045810927536,301.52689840767516,,,
152,300.889410025645,300.4471672442958,301.19673344147105,,,
153,300.3501005598755,300.72885547880486,301.35974903686116,,,
154,300.6908951318265,301.04818547708237,302.01029608684456,,,
155,301.09156249752164,301.26982467685826,302.35028159965805,,,
156,301.2711864816647,301.71889723198433,300.610939425568,,,
157,301.00442255464276,301.5840776132464,301.10820588077604,,,
158,300.8559715294187,301.5128708217265,300.65570039011914,,,
159,301.2647426307971,301.7240720422855,301.32436801572806,,,
160,301.52647424007614,301.690346270582,300.674401998315,,,
161,301.29552988712555,300.640868023617,300.9446707343482,,,
162,300.8759804350205,302.1149669275971,302.0949703823383,,,
163,300.9112395250276,301.234458129724,302.5133104180558,,,
164,300.38295485295595,298.47036788527066,299.86938306187636,,,
165,299.70812703631816,,,,,
166,299.6726478548024,,,,,
167,300.15702950498394,,,,,
168,299.81669108836275,,,,,
169,300.5469880233115,,,,,
170,300.76226361194585,,,,,
171,301.168605578665,,,,,
172,300.24751710226155,,,,,
173,299.76908739190463,,,,,
174,299.95260368141567,,,,,
175,299.7159048135398,,,,,
176,300.06763626201945,,,,,
177,300.6085857289783,,,,,
178,299.9819679418663,,,,,
179,299.8246504022159,,,,,
180,300.28325786688055,,,,,
181,300.7681036909947,,,,,
182,301.2554634665444,,,,,
183,301.39823269403246,,,,,
184,300.8425165025322,,,,,
185,299.7620401363453,,,,,
186,300.6800649603458,,,,,
187,299.8381261327361,,,,,
188,300.5315420136965,,,,,
189,300.54488403865975,,,,,
190,300.4235477428404,,,,,
191,300.5886348105443,,,,,
192,299.8650166979456,,,,,
193,299.4697041579847,,,,,
194,299.76877441256136,,,,,
195,301.61271124975326,,,,,
196,301.47227863053337,,,,,
197,301.04623479834225,,,,,
198,301.0060054153432,,,,,
199,300.57854838827694,,,,,
200,300.37228261529657,,,,,
201,300.9251504829733,,,,,
202,301.08118663201714,,,,,
203,300.6549875007543,,,,,
204,299.97563694915965,,,,,
205,300.68162246966824,,,,,
206,301.6870277411198,,,,,
207,302.87712207122973,,,,,
208,300.25945597632546,,,,,
209,299.84120647439835,,,,,
210,300.00455825797127,,,,,
211,300.03634313718544,,,,,
212,301.1266866429531,,,,,
213,300.48757164381306,,,,,
214,300.7044518252937,,,,,
215,299.6959980011431,,,,,
216,299.97258521415483,,,,,
217,299.5437599199741,,,,,
218,301.14487796801103,,,,,
219,300.6532619324917,,,,,
220,300.9111122579056,,,,,
221,301.255804891287,,,,,
222,300.1154939493861,,,,,
223,300.26021684994026,,,,,
224,299.99841893719093,,,,,
225,299.76361045766254,,,,,
226,299.4595461055688,,,,,
227,300.44842447906984,,,,,
228,300.730375145202,,,,,
229,300.29061346254383,,,,,
230,300.41146103819204,,,,,
231,300.59977452609695,,,,,
232,300.8231193730788,,,,,
233,300.4675002134247,,,,,
234,301.35935058385365,,,,,
235,300.79625418887326,,,,,
236,300.25683276796235,,,,,
237,300.26171658200525,,,,,
238,300.1579360508075,,,,,
239,300.4873059721862,,,,,
240,300.9264818548294,,,,,
241,300.7761670214948,,,,,
242,299.7699513658181,,,,,
243,300.8840733242489,,,,,
244,300.92266919070113,,,,,
245,299.65680839945674,,,,,
246,300.0108409748277,,,,,
247,300.8979786063458,,,,,
248,300.3159883893407,,,,,
249,300.71490492764786,,,,,
250,300.9951562500151,,,,,
251,301.2436329275406,,,,,
252,300.0912599766718,,,,,
253,300.347072030491,,,,,
254,300.31843320962645,,,,,
255,300.6222161228343,,,,,
256,301.7326479666246,,,,,
257,300.9339739950183,,,,,
258,300.880183153307,,,,,
259,300.35295968378455,,,,,
260,300.0184430642566,,,,,
261,300.3313589094157,,,,,
262,300.6351714454191,,,,,
263,300.545746982865,,,,,
264,300.07153658878343,,,,,
265,300.33903467952723,,,,,
266,300.8093743253401,,,,,
267,301.04019680347756,,,,,
268,299.3442545865421,,,,,
269,300.0249919827367,,,,,
270,301.29534526500345,,,,,
271,301.2338387793025,,,,,
272,300.94089648874984,,,,,
273,300.89182910168387,,,,,
274,300.2739069683374,,,,,
275,300.7431097854363,,,,,
276,300.7313568346869,,,,,
277,300.6305376624281,,,,,
278,301.02357374033437,,,,,
279,300.074677780286,,,,,
280,299.6611991388323,,,,,
281,300.41015318473114,,,,,
282,300.22657930086444,,,,,
283,300.2105676611025,,,,,
284,300.69746314307355,,,,,
285,299.9839297194721,,,,,
286,300.0909773506019,,,,,
287,300.4320233116188,,,,,
288,299.50761597411815,,,,,
289,299.7507154969298,,,,,
290,300.7324105058259,,,,,
291,300.37215347139346,,,,,
292,299.7540619289276,,,,,
293,299.72063875829707,,,,,
294,301.225181506779,,,,,
295,302.2164119515084,,,,,
296,302.57896205413977,,,,,
297,300.49002806593694,,,,,
298,298.87969369179484,,,,,
299,298.9087932523169,,,,,
300,300.8926367744061,,,,,
301,300.33934185463454,,,,,
302,300.2011718000441,,,,,
303,301.02925710872984,,,,,
304,301.0744126766174,,,,,
305,300.3555132513609,,,,,
306,300.74784060531755,,,,,
307,301.1754446352823,,,,,
308,301.5846770974905,,,,,
309,300.7711389428408,,,,,
310,301.86211722103985,,,,,
311,300.40995805224594,,,,,
312,300.3452335532997,,,,,
313,301.00547700623497,,,,,
314,301.02408483312723,,,,,
315,300.5880593289334,,,,,
316,301.201258132257,,,,,
317,300.6855039574396,,,,,
318,301.52590920714584,,,,,
319,301.1997561034195,,,,,
320,300.70395186229837,,,,,
321,300.6560640275805,,,,,
322,300.346117752486,,,,,
323,301.1040112749337,,,,,
324,300.8357556905402,,,,,
325,300.09873560536016,,,,,
326,300.3834452695708,,,,,
327,299.44602155415413,,,,,
328,299.9659629207611,,,,,
329,299.5632043764952,,,,,
330,299.97470009781506,,,,,
331,300.8184889472102,,,,,
332,300.6541243244961,,,,,
333,302.9581110989614,,,,,
334,300.3776678195938,,,,,
335,299.30188294367207,,,,,
336,299.80719099071786,,,,,
337,299.9013708283467,,,,,
338,300.361584649571,,,,,
339,300.341919520741,,,,,
340,300.6056781526501,,,,,
341,300.4068728226952,,,,,
342,301.085881317366,,,,,
343,300.0127038281858,,,,,
344,300.15260535580336,,,,,
345,300.09346004657885,,,,,
346,301.2218188034311,,,,,
347,300.62248604685016,,,,,
348,300.5334408599327,,,,,
349,300.16135286930177,,,,,
350,300.41501925043605,,,,,
351,300.5017425289605,,,,,
352,301.91541715817766,,,,,
353,300.7994327277871,,,,,
354,301.35333202234693,,,,,
355,300.3460103630657,,,,,
356,300.50796989900897,,,,,
357,300.64124075633254,,,,,
358,300.38242105811133,,,,,
359,300.31208726767835,,,,,
360,300.1660023264153,,,,,
361,300.47966337161535,,,,,
362,300.81209066596983,,,,,
363,300.8708973080018,,,,,
364,300.6636117362703,,,,,
365,302.0432680888288,,,,,
366,300.3925738800328,,,,,
367,299.60952902831883,,,,,
368,300.37851088513,,,,,
369,301.8399596612763,,,,,
370,301.4354295167071,,,,,
371,300.28892926601975,,,,,
372,299.07960189727214,,,,,
373,298.96551764445525,,,,,
374,300.2122256296266,,,,,
375,300.85130110692677,,,,,
376,300.623812925867,,,,,
377,300.04080395841015,,,,,
378,300.15137274173065,,,,,
379,299.3865802217814,,,,,
380,299.9745054119514,,,,,
381,299.7493089074067,,,,,
382,301.5019970488033,,,,,
383,301.01643514707763,,,,,
384,300.2006646813532,,,,,
385,300.24951477446234,,,,,
386,299.53873498325356,,,,,
387,299.9746258114336,,,,,
388,299.84028299043854,,,,,
389,299.5192611669336,,,,,
390,301.55062866542994,,,,,
391,302.0226797469026,,,,,
392,301.83692177937695,,,,,
393,301.3578845389033,,,,,
394,300.6950622111511,,,,,
395,300.93824577721836,,,,,
396,300.76843834026425,,,,,
397,300.68404540599596,,,,,
398,299.6948396204696,,,,,
399,300.35799070632703,,,,,
400,300.32246984401445,,,,,
401,300.61188453576733,,,,,
402,300.6623217953858,,,,,
403,301.3298782192189,,,,,
404,300.32908295553045,,,,,
405,299.8789346206542,,,,,
406,300.99886777182155,,,,,
407,300.93904865308144,,,,,
408,300.7788418488719,,,,,
409,301.0313586943705,,,,,
410,300.67864424088424,,,,,
411,300.4265975049616,,,,,
412,299.36402239997955,,,,,
413,300.45745175520767,,,,,
414,300.1433625828848,,,,,
415,300.8135250365635,,,,,
416,300.63544744375713,,,,,
417,299.4441284793483,,,,,
418,299.94288255955763,,,,,
419,301.5310675529675,,,,,
420,301.7293278525865,,,,,
421,301.40878407233504,,,,,
422,300.4355531438306,,,,,
423,300.0829968590135,,,,,
424,300.02863419111924,,,,,
425,299.9875824124951,,,,,
426,300.07158448112017,,,,,
427,300.6914586219721,,,,,
428,300.6249373247329,,,,,
429,300.24869603977174,,,,,
430,300.1155308751332,,,,,
431,300.5390564982287,,,,,
432,300.22994823977496,,,,,
433,301.003541922052,,,,,
434,300.8745264256427,,,,,
435,299.8871720940742,,,,,
436,300.5286745638895,,,,,
437,300.2787092515502,,,,,
438,300.0609994398665,,,,,
439,299.6468557171333,,,,,
440,300.45121070235604,,,,,
441,300.59074994048655,,,,,
442,300.59296152733606,,,,,
443,300.8254453552128,,,,,
444,300.5064746314595,,,,,
445,300.619999394815,,,,,
446,300.6933818622767,,,,,
447,299.5659060603368,,,,,
448,299.7679929209443,,,,,
449,299.772466505337,,,,,
450,300.59506959127947,,,,,
451,300.9285495112886,,,,,
452,300.0134554148016,,,,,
453,300.13998718369663,,,,,
454,301.1446616268208,,,,,
455,300.83619105519097,,,,,
456,300.41156607598083,,,,,
457,300.2350981309374,,,,,
458,301.0227860270211,,,,,
459,301.50983069055786,,,,,
460,302.2805780438127,,,,,
461,301.2256464147093,,,,,
462,300.58585050319033,,,,,
463,300.6869227723348,,,,,
464,300.53745982462846,,,,,
465,300.5550708375882,,,,,
466,301.01601227083927,,,,,
467,300.17816678306866,,,,,
468,300.3510872522345,,,,,
469,300.96320313062796,,,,,
470,301.3852997841841,,,,,
471,301.69600627002524,,,,,
472,300.2831333122738,,,,,
473,299.34851228260544,,,,,
474,299.5215075563012,,,,,
475,299.9096536523845,,,,,
476,300.8537098741493,,,,,
477,300.7755417047152,,,,,
478,300.38404243485155,,,,,
479,300.9803926536244,,,,,
480,301.8201965229602,,,,,
481,301.22210158399633,,,,,
482,300.2991091452537,,,,,
483,300.98441571766494,,,,,
484,300.5085425324324,,,,,
485,300.11135081638207,,,,,
486,300.91497869739595,,,,,
487,301.1561251796045,,,,,
488,300.61441731975066,,,,,
489,301.3917860790246,,,,,
490,300.27975961117755,,,,,
491,300.1241788511009,,,,,
492,300.0021878743981,,,,,
493,299.9826221558879,,,,,
494,300.5499708818492,,,,,
495,300.72604782226125,,,,,
496,301.8519639049698,,,,,
497,299.80607462344665,,,,,
498,300.0467348568352,,,,,
499,297.6714815840037,,,,,
