Experiment,piControl,historical,historical,historical,historical,historical,historical,historical,historical,historical,historical,ssp126,ssp126,ssp126,ssp245,ssp245,ssp245,ssp370,ssp370,ssp370,ssp585,ssp585,ssp585
Member,r1i1p1f1,r10i1p1f1,r1i1p1f1,r2i1p1f1,r3i1p1f1,r4i1p1f1,r5i1p1f1,r6i1p1f1,r7i1p1f1,r8i1p1f1,r9i1p1f1,r1i1p1f1,r2i1p1f1,r3i1p1f1,r1i1p1f1,r2i1p1f1,r3i1p1f1,r1i1p1f1,r2i1p1f1,r3i1p1f1,r1i1p1f1,r2i1p1f1,r3i1p1f1
0,,,,,,,,,,,,296.8206398984175,298.34052152649946,297.6845163209186,296.83254244165124,298.0647807991846,297.7503640828324,296.8181905382557,298.05079651277555,297.72609848102644,296.9669044502786,298.141303658366,297.77653683910665
1,298.0600843228594,299.3919579961408,297.6564149251662,298.55757173578036,297.70874212681224,302.24452719587487,297.80551193346076,297.5483058522012,297.7889191349054,298.2104579203159,297.7882692576307,297.33213052891466,299.2140646337129,298.2277461599062,297.57221677144105,298.86390339849305,298.48350722593113,297.66105621008546,298.4076265227236,298.7674058904938,297.1587203542474,298.8174051838878,299.2967216395842
2,298.6267922565076,301.83735268584905,298.1840433295218,297.9430194191831,297.91232499486074,296.190320619155,297.75902387011837,298.0367728453743,297.9317717413557,297.61920627188005,298.1521515328606,297.9088123433684,300.75895905035935,299.30777867955436,298.8327415282142,299.1182722933134,299.1885375950092,298.92335116172103,298.65006080708923,300.1784973934239,298.60891979301914,299.1270738340579,302.1652635692831
3,297.9589803546293,296.58413689248226,297.3410590457421,297.77699978275473,298.5366919906767,297.21804453210916,298.02412751005727,298.54100717555684,298.07017362765714,297.26563373201674,298.00325371895264,298.06509820376635,301.3555080330678,302.1071493960879,301.7209009845695,301.249980466587,299.4454349472157,300.6059920448722,299.5871410597337,299.7377115214267,298.5859900635845,299.47713785446985,297.41881763817224
4,299.33602644293745,297.3463518922693,299.11856544590876,298.2942518944167,297.89227704113347,297.657124551315,298.051253594309,298.6843607251726,297.85141101410426,297.64330897245327,298.88294814363167,300.3994278724776,297.6979307198669,297.217013372178,298.37801398261746,298.2792432363533,299.27784428299356,298.0566015992603,302.93288407679137,297.96232196248417,299.29239430578565,298.9722432284971,297.0283082638721
5,302.12334157262035,297.3471999973338,302.1938967407606,298.3042073154889,297.2337215001895,298.1390337527824,298.47019966968963,298.3588967859105,298.0186189913679,298.5408431634076,299.29910864917446,302.9210413084509,298.485533193012,297.690316117051,297.52114075837375,297.92947258472554,300.5671554411433,298.47152507545474,297.5207484586631,298.30970147888405,300.2244444192475,298.14634587872666,298.3621412284734
6,296.96289703500514,298.5179688055808,296.9139676991223,298.20425230660373,298.19032223990536,298.4887491162117,297.7815152520232,298.1636318310387,298.23220577671015,298.542852051781,298.5362228877182,297.4875393295104,300.60751306149143,298.7664104239731,298.1627952547512,299.2585667952085,302.68757904246337,301.0204605035628,296.8267563001321,299.0824465080159,300.6933240279922,298.50773990415195,299.1482052894327
7,296.5740932015196,300.23599155052744,297.5401896784877,298.28330008830335,298.3560760176488,297.8936328869024,298.8148464284697,298.198576461885,297.50625869104584,298.5354140359622,298.2452637848382,297.92932662083126,302.7072626801119,300.3013644921362,298.4372416266657,298.86522159022553,297.62100884590586,302.65898499747385,298.31025214434885,299.8988192390189,297.52595258730315,298.4808598341602,300.04092386052486
8,297.1269559074672,300.96454068286977,298.47300606981094,298.74383087456755,299.6135960871378,297.45630970388453,299.7940227106324,298.22889637804775,298.11929742038666,299.46133840415473,297.84949381110175,298.98158464092836,297.3069703324364,300.4387252401861,299.04932474616436,299.141823414131,298.243825886676,297.2289227045381,298.4373918223585,300.49821006554004,298.01254792303877,298.6591172124558,299.93426064947283
9,298.40246766566673,297.0834828483122,298.5715286216615,300.72269702658747,298.91384230476666,297.5466522278951,297.6607211853239,298.9989742899872,299.2082313825824,298.6722724797263,298.4677239521909,300.16541483364546,297.3587803465784,298.12787887584824,301.749745921669,301.6302324320306,298.4370790358659,297.6663832875083,300.22576476948717,303.1570193584862,299.5225707216095,298.9468917290572,298.82331314018836
10,299.8361319524176,297.9692979821468,298.84697864070534,299.9233567955967,298.49157978621713,297.6780806336952,298.1510438751904,298.13049942855366,298.232134230088,298.0611684779267,299.5383645367389,300.7624592118944,298.51849389954697,299.0137902515403,297.6984205911654,301.32118221970546,300.09120570256124,298.9810003515377,302.87462043271853,297.35456970285134,299.94784244162065,302.8789575093977,298.93274818409003
11,301.8457778654949,298.1915369701,297.50552898628877,297.0044012075538,298.124450428359,298.5368819885361,298.4683473864454,300.16612971756103,297.9811847714473,298.243712514124,301.8309497300574,298.1754260212213,298.82702564033383,299.771740254177,298.2837520161521,298.1076883546243,302.95573278394465,300.4688383697665,297.93507447222305,297.90791819227724,299.8796959190692,298.761829730457,301.39057467356344
12,297.89404777121746,297.41038178956734,298.6732633246316,297.5813087558138,298.02773536347416,299.93154481692034,299.082653255033,297.9974550372686,297.48529860910736,298.00177094576213,296.31253044316674,297.7448255689779,299.4906839749322,300.27070184869723,298.81460640596987,298.03677739480185,297.39788594048736,301.7007372295944,297.74430588764307,299.1487793638681,298.73660448590476,297.711387168975,299.2030591645302
13,296.5629874480912,297.93261579221775,301.81175936771035,298.02523183467446,298.1684829398096,299.0775143508824,299.60067230100094,297.6990996376397,298.5545053621426,298.4650920850781,296.6402007605789,298.2860842931403,301.8650027211614,300.80869797786517,300.67480745486256,298.9889834047363,298.09572815035375,297.54596565290234,298.20576110451117,299.24743292034253,299.54233631488796,298.8655706647565,298.3591481187724
14,297.6520837064138,298.448209757054,296.62166641235206,298.0075666834569,297.90207844481915,297.66815277956965,297.9234988157669,298.65626109831214,299.8457661319378,298.5963514987271,297.4375228312485,299.26790801553074,301.32964729210374,302.78609171768807,302.915921888327,301.1713095232348,298.8770962756687,298.4856520638962,299.8588741849751,299.91143138773583,301.01507669006577,299.23346711576863,298.9451918048994
15,297.9522543858854,299.2450278914222,297.1043685066813,297.8843901314479,298.3814666200455,297.14651364399737,297.44833032038997,298.0239221558223,298.13107537023626,298.5539868279165,299.1300496351623,302.1369280317697,297.4969757106698,297.50588565878576,297.44794699288656,302.34927946012476,298.99348749202755,299.00686535556315,302.35931236132996,300.1638093435095,302.81766909675247,300.33801087981345,298.829622124087
16,296.8838889645867,297.7714507367594,297.48544205386787,298.8137540516844,298.10176210484326,298.0905436618985,297.82843674662973,298.43075817491643,297.67584949037973,297.7477465053957,300.61329790681685,302.46554480875596,298.27753493828124,297.8367136583209,298.340453205108,298.5990971840879,301.4587736129719,299.6183725697335,298.72928280837544,298.9192058457246,297.37325239209605,301.45051051902806,299.32551896365857
17,297.5586946305933,297.7868950187657,297.68106811443454,298.4816523561557,297.911510954677,298.84253290824194,298.6770838099337,297.6598932800218,297.76126356457104,298.0028498297767,297.3445329269207,297.9160585379507,298.58444499199885,298.91272692895086,299.41812168947996,297.84714263926554,300.9502741110248,299.17820440268565,297.74397464593983,299.91413899565674,298.1139205821002,302.82636671407437,302.02077721775316
18,297.85991889448707,298.4661487157696,298.5985671993355,297.87430522815083,298.0175413136573,298.13385607461936,298.23966299526614,297.66703349882965,297.9306816204767,299.29695121945434,297.63324030982034,297.8574914065357,298.5888576792273,299.9571531625645,301.8189749011744,299.2972126197061,298.0010132639606,299.6164855867591,298.93621047034117,302.11555879759436,298.20430194560004,297.33433267091226,299.50418773504435
19,298.20443910063267,298.475528838908,299.532704948204,297.9794850500023,297.9677412145757,298.05189697210926,299.2635103379359,298.3983654899649,299.08049514050947,300.89037253312426,298.0802437445944,298.6453286450034,298.94783383166344,301.95448589870347,300.2594711580911,300.52263729056284,297.9709477579691,299.50378181013633,298.9887976853059,297.746901003297,298.55663604209593,297.3925380926623,298.32781614187996
20,298.2257229429758,300.54451223458733,297.4112053084917,297.44861787347253,298.2749656300714,298.6285272451701,298.5465868198885,298.01384626993405,301.44190453337063,297.8412569746761,298.4858634128675,299.1762799401732,300.3819060265791,300.02677888527165,298.28591056507724,300.1288111848259,299.4989812837934,300.1403636162326,298.8338316574818,298.2924374403055,300.51101142114373,298.33466979199653,299.429669533242
21,298.9384336952732,298.5288846236787,297.9042308231919,298.448956006191,297.8841663164798,300.47622880235133,298.6719674502961,297.54290028177076,297.73049424593995,297.4377354164071,297.4705620711713,300.017613729516,299.1973009646913,297.9856903352849,298.7179248736614,297.94030815409036,301.99232455838563,298.4998829145946,298.54653090881465,299.80902574877314,300.9169794278485,299.87025625485546,298.693615329313
22,298.1276894659691,298.2581189152258,297.99844748093807,297.67129477467864,298.0660870130746,299.7497018535266,298.65260477366115,298.5968355560042,297.2110708278772,298.2238799956183,298.15753474266853,303.113833061448,298.6626630588664,298.5488677594654,300.3563609806378,299.0427317459531,298.1582357065492,299.6937389809951,299.4587405789545,303.04166054511626,299.00261305932446,301.46464303338985,298.698606296282
23,298.20948834245564,298.82196375781973,298.8230143965625,298.2963819404015,298.65711531663504,296.5198866498429,298.92028455589855,298.52229695982476,298.24770113831545,298.60849784270664,300.8523378803657,298.3087496453463,299.0054497621433,299.3477453788409,302.26232622053504,300.06062894854807,298.5876558053871,302.0645383255463,301.9048204738895,297.96223901672033,298.60832525135453,301.81470422763175,299.16101740382135
24,298.99602313708624,299.0865280338853,299.4186843342915,298.82299872353383,298.8843645387647,298.30926698909707,297.9459132012144,299.2527907698655,298.4098976534408,299.82575600513246,299.65458994578756,297.2666234459946,299.3906795622756,300.9879310990421,299.7341723515313,300.284055983272,300.6458530565008,299.23300764430854,298.7478738591445,298.05803439811893,298.73904911610566,298.297827827599,300.3825078641634
25,299.46715036779545,301.8545651533877,297.5695219387092,300.53989059348686,297.7314304360877,298.1928224009361,297.45735907883187,300.3383706059827,298.07949688205866,297.6914517682771,296.4419132556323,298.5461262472861,301.69098436564434,302.2502046575855,297.59929974483225,301.52474196544773,303.1242124101138,298.74355287360174,297.6254405995721,298.9250717225821,301.9401243346568,298.1727046241836,303.31710058017717
26,298.4065396729197,297.13328863737416,297.6910997663239,298.64119588333506,298.26949964435374,298.7900856670771,298.3305119195857,297.75402343987497,298.8469145972805,297.61297197374506,297.530501099006,299.3666764716302,298.6178822298776,297.98006158402364,297.96620983830104,298.57696542969114,297.4106600895483,299.63527566610725,299.10935173026246,299.42188689334006,300.3297956907605,300.12453537520565,297.5621208247428
27,297.1539072410802,296.49358733614014,297.3034067171534,296.941874651232,298.303065970488,299.2759442000469,298.8440430852474,297.57048166741953,300.7641481922504,297.91193217474864,298.3157451010524,299.82410337013226,297.6457306410305,298.4961613296719,299.31292899268374,297.9768679184228,298.3933778201775,298.4990628154563,299.3266764381552,298.63163256949144,298.7806251047756,303.1740347125836,297.92485866071075
28,297.999318258602,297.94607863206915,298.2543495600217,297.8627716897337,298.58175397975725,300.3574875715112,299.26961073527826,297.8537093230828,299.00104864952874,298.55344377228647,297.5687491837408,299.73722571420393,298.8187676657392,298.77388616814557,299.72752300661494,298.87283303981417,299.43498842270174,298.3918171420856,300.0976957452095,301.46283231975644,299.28926925635386,298.2329668376502,299.39444491321575
29,299.2603678175791,298.5568712164754,298.30175249589064,299.5552725894222,300.7451756625273,299.95208542193217,299.46395270767533,298.0666703213214,296.984853881423,299.0017013979074,299.14452048606967,299.0838407515643,299.0902403376329,300.4799248323188,302.9451583582319,299.3879378566201,302.63102516158347,298.9050869712594,300.1406442404737,303.27651855241317,300.0101521568851,298.3305163197787,300.625320994073
30,298.4677019681362,297.9681802633219,298.38208724391393,299.92758154220223,298.90516704071246,296.8052918391997,299.55160443797223,298.2850776581047,297.65461347956153,298.70373748459576,301.017512334214,299.5513649537822,301.23533437182954,302.32496822116553,298.5458573718988,298.2561204747289,300.18211333985664,299.5514365019426,302.93134839321823,298.5111270739783,302.0180892987758,299.3029863952319,303.1881412011068
31,298.35719293051335,298.78964071130207,298.56165803395413,297.8763341322263,296.6418487426019,296.7146691835331,298.75988899755254,298.0507849386651,298.3303491961511,297.92796080729414,297.8252624096643,302.70060565809246,301.58052646140237,297.9726796130836,298.6849203370795,299.88083692719033,298.02630755702427,301.8135356809828,299.0069717226176,298.26328829265935,302.7029546780947,301.781837609196,297.39898783058766
32,299.2339117726998,298.0248119711284,298.3187269358896,297.1943879557393,297.9020308019841,297.87628684501175,297.82683472645743,297.52820718859584,298.15754118683145,298.138658740007,297.9187700879156,298.78849891694665,302.6581746531561,298.6049682591704,299.51759619641473,302.1069604378512,299.2368745140392,299.0564572843475,298.30350937624326,299.1485035638436,297.7499581258237,301.15012202772806,298.6052573368733
33,298.14552016216595,297.8676305525675,299.9323428805824,297.09115630230195,298.4154299893288,298.47605182288027,297.86508122591096,298.300846379638,299.00343883992076,300.07873702508704,297.46885102996526,298.2228423848249,297.6228968652753,298.44922696874374,301.22704431513694,302.99725064140836,300.4425345791077,298.63857846337265,299.21356131213014,301.3041484823218,298.8987213326366,299.5951179389211,299.3251518518288
34,298.31346179728536,298.2972437936092,298.54831621320676,297.9800325618541,300.6479494829738,298.89494842673935,298.1868969425621,298.11385690661774,299.9726614560297,301.9868457254401,298.1865360618142,299.4173262278149,298.12742294336977,299.7177613279662,302.59515638045815,297.8591990233013,302.72166353575494,298.7240862549792,300.8614898207428,303.0355455578327,299.8904296278723,298.4289036178579,300.5133654696628
35,298.788809705309,299.7966040164565,297.66058583853186,300.35379543487574,298.1041100968777,300.8154027970459,300.10206137005713,298.63358575910655,300.4694597103153,296.33956069687,298.5214009282067,300.99329911408813,299.4455728512583,301.48365152820094,297.8860161621076,297.77871857068004,298.22042820272856,299.40666167754415,302.98129041442115,298.1493588655633,302.8719036817502,299.33173837673854,300.6470974981293
36,298.0284519979417,297.8822344583853,297.93722147137925,299.35061587133356,296.59492334567886,298.60262792700763,302.174065705395,299.5791933073953,297.0803887099952,296.74017183783144,298.3834712815394,303.18929107000645,300.647359837637,298.53809378595565,298.03228369312404,299.1943016761904,298.2348905213512,301.77514233120115,297.8167464835504,298.267241272503,300.19770282127206,302.0697725644566,302.27638957082564
37,297.21549397028565,298.0945399742586,298.65732278015884,296.70136387334384,297.22857412504067,296.58273913091125,296.5963977980178,297.48882304877424,296.8539208466764,297.78019856915535,298.8111314245986,297.56980478685114,299.10768020897905,299.2610984429852,299.25138888463727,300.63179278924645,298.4069238994036,301.2073817477963,298.8430352391143,299.8370638179539,298.45872241059897,303.04424891032494,298.8536713440737
38,297.97959886588455,297.7975520328859,299.0376888634174,297.4336254047091,298.3136273480531,298.11556751317033,295.9170148925536,298.7787289204648,297.81991527876613,298.0286966683395,298.3951852344015,297.9517524298013,300.02196031018894,301.10664965289493,301.9917102346415,300.0390214744428,300.7140780183748,298.9590862581531,300.10014484906515,303.44696004636575,299.15875729818214,298.63544850057207,298.2548544360271
39,297.93367592894396,297.37081569311005,299.2405112772463,298.83825897069534,298.5709067296444,297.84507604869003,297.7039727057027,300.1576543951577,298.22954377247135,298.776260748486,298.64438809279073,299.0360811476394,299.32532926118836,300.2559257878284,299.1740155732909,300.4824263883501,303.3386911536739,299.55256171563013,303.48084274285304,299.44469022520445,300.42109405901687,299.28523022684857,300.03312077250786
40,299.440926247528,298.0805055513674,297.3579670825995,299.31803900584237,298.2538743872953,298.5612976197222,298.20502654334956,299.5106079467472,298.87307778184686,298.6034888424074,297.7540491627067,299.5320237908159,301.10650173128664,299.85717998174874,299.50436216854513,299.07851499559433,298.2147809444959,300.24367856687167,298.6508053978642,298.39808200613555,301.3474222858718,299.7031719063284,302.8457251540221
41,298.18561072404003,298.56166079989913,298.53789229641944,298.7179765923391,297.57911883814705,300.90475677789743,299.01816952597574,297.4973854396596,298.3360765090136,298.11781469538937,298.1401423509427,300.517762556638,301.91679084686206,298.3096919207905,299.46275763478644,298.6869382213918,298.29301479078515,301.91198203077016,298.18756927261614,299.0155635730194,300.4171754984911,300.2495091868247,299.4399244103484
42,297.73312714764734,298.5045798229035,298.17551164757043,297.6451483196241,298.57029487367146,297.7171963248,299.4283630215612,296.9761352750958,298.22613675810254,297.51266212438344,297.8991893965105,300.4034899676524,297.67670756472836,298.15720917322363,299.89685810925636,300.50129579960196,299.060054104626,298.88159935145205,299.0691305118573,300.92623761422897,302.8618959915835,303.4812823120283,298.9541047371708
43,299.07111089664863,299.55422917134246,298.37589208654435,297.7167070327059,300.3726242571665,297.5507998856796,298.81309150890894,298.04142225217043,297.3006496659452,297.70091485681473,297.87017995565753,298.2107917878753,298.15052567862426,298.599768935394,299.53559549155693,301.73203661257156,300.87381942690877,298.863516510034,300.46403812166335,303.3183994453977,299.8937884423537,300.2647777421708,299.56355217973527
44,301.2723474787924,297.5805494993682,298.7370961441524,299.18557217494237,300.47130255709226,297.4055703168926,297.9528650645257,298.2045574431151,298.15987903534324,297.79684616684796,298.19901680193715,298.95592317628876,299.5683474189136,300.0014686985566,299.48705819687285,301.5364939312187,303.034896069745,299.95569699718686,303.4447985397929,298.02768926621275,298.2653572879963,298.59593073319854,301.84699128766664
45,297.0303629315051,297.98945692958023,298.0561366432459,299.24216754811016,296.53645922419054,297.87011239045495,298.3897646178803,299.48537689366896,297.3624030801604,297.83221172944536,299.7188688509116,300.24355950347547,300.96751601860973,303.2345773019163,300.9368769075925,301.37101913437,298.73820286470755,302.07483744708145,298.64580733117367,298.51613753297744,299.02383774675985,299.6857006004529,299.9655768402938
46,296.82405826877334,297.9594394799611,297.7904925237583,298.13240252254235,297.84862562542907,299.0301327886164,298.260178214422,300.0345121912631,298.5353077692408,298.04767077532875,298.6903441833263,300.3936960681671,302.51905830716424,298.7940511166256,302.2271775083458,298.0249622855595,298.7294940715322,300.00173119823313,298.89461586197973,300.3889032019371,299.7581471214846,300.553737175672,300.0637859388043
47,297.66624287775136,298.5822662171836,298.1369778964255,298.724729500767,298.96419113794997,298.66537932053114,297.80649489746514,297.6746833610793,298.8619310733427,299.5054685141133,297.71454686373977,302.8211662471171,298.64849690565467,297.98724487192754,297.9520366771961,298.35170655327977,299.9425377432445,298.2418479688281,299.34264789916705,303.2370777378801,300.29420200449243,303.7013772841782,303.5234948238854
48,298.4536766017933,298.74811211022495,298.89718213881173,298.41090316110643,298.8349149784073,298.12963375929786,297.9762921356529,298.31788986683597,298.81647733900604,301.72454947219427,297.62021811410676,298.89780439728753,297.88388077175796,298.53718371761335,298.7027293406392,299.4944055654266,303.5231915456995,299.43093839020435,300.05552523515365,298.2092984021512,302.7872206644245,298.8248348831526,299.4207991229752
49,298.1863110357563,297.5192093474232,298.5283101986039,298.67941226297467,298.85753094551984,298.89113242868046,298.20705870715,298.386823055086,298.7264401191794,297.54812333388935,298.18345200931816,298.112623553871,299.22652023711413,299.4102300372553,299.5477919719413,301.17906965559695,299.3557586547227,301.4846597690292,300.31264900859003,299.5608878685924,301.47653109388256,298.9118314181171,298.4991825470666
50,299.0348163064695,298.0103081179897,299.8319493445222,299.7494320600607,299.5759725205576,299.98345555593744,298.61001726423547,297.6273882391421,297.95038104975015,296.5595168328494,300.10429218993846,298.2205450196306,299.2437153877635,301.67435506446463,300.08260180090537,302.41194972866043,298.8962830071435,303.2321645607007,299.39804883311876,300.44014368982033,298.3721192473788,299.60246405834863,299.92503749084693
51,298.34688334929257,297.419174949932,300.0954980624654,298.583751715124,297.3658941100294,301.1224089369363,298.7576430678496,297.83938358504025,298.38944192807713,298.32135900173375,300.5612277550569,299.7932021470165,300.52450370853416,299.7757009705214,302.00026374009246,299.3237040452562,298.923307082275,298.4827469596699,300.2082863048816,302.02263740075637,299.86305569537507,300.3431996738268,302.88488524408916
52,298.2828059831056,298.0723041126842,298.7112664196488,297.52194979388145,297.5851076937795,296.60018268520474,297.7799748607089,297.86457976549855,299.5086984297079,299.00237228378325,297.6335894399965,303.03567361074863,301.4707929351796,298.9382564269144,298.94402540873324,298.02220181318245,299.75972902568043,298.7713260697988,303.51971600826533,301.73484505307596,301.97301372939756,303.4335281704586,299.86888768980924
53,299.5269456649208,298.89201169960046,296.5279154249018,298.3913358682196,297.8108689260599,297.40601777324224,297.6080214857613,298.42396980713687,300.01842943999765,298.7248794674118,296.9953286951204,298.4087198833791,298.4326614821509,298.9932689353963,299.63448387987654,299.3167309306005,303.58909388362287,299.80009922810757,299.4394237238942,298.4456875351335,299.3083176193088,299.60532096404575,299.2161023272507
54,297.34283789296745,300.13643103514204,298.12537355764033,297.9802702466004,299.5778184534547,297.61867601570407,297.9999092634232,298.7605769797357,297.7548104405478,297.32756458769126,297.81696971626394,298.2805027406945,299.2572793183322,299.7910453597564,301.1962259166564,301.04225389516915,298.7257344725843,300.74290122958934,298.6082158601848,299.37596720324444,300.44729682073086,299.2089813036387,299.94971366507644
55,298.2815495257992,297.9811082338454,298.0878029779556,297.1043295650796,301.953358136218,298.0678074414183,298.75031272763016,298.7611669728394,297.68725991285413,298.46812099276474,298.51413796784664,298.8292812247202,300.094328829262,300.6459632950746,299.4557169775912,303.2835480064768,298.205357137564,303.8133966236907,299.83249922363586,302.4216383089905,303.7137700034064,300.5159177726578,301.9763934710286
56,298.7397859120925,297.8414002916067,298.0938344507447,298.24951745122917,296.63180819299515,299.03215297217395,298.63331158792437,297.7730352432527,297.86785094416206,299.14507140249424,298.74489148780543,299.5382221759308,301.16471468216815,302.59893766177305,299.2033319358454,298.7109538636675,299.2045130714851,299.04929261952617,301.4387026747854,303.1006538214943,299.29322923543856,303.8925122934697,303.8791101003722
57,299.3514988318145,297.98998552612557,298.149061607066,298.9369643416864,297.1339141157418,299.61571564522825,298.0828125466663,298.1162337307106,298.3044972203073,297.74578077513894,299.1503792738476,301.79601280068385,299.67110926843424,298.162811498978,300.5861048772442,299.15056466513744,300.88940576825144,298.7259528234756,299.67569930329995,298.6038718261426,299.5753693290099,299.71790784659726,299.08624632921675
58,297.6719504296911,297.8076691979233,298.4791878769508,298.3119481119508,298.4363581192563,298.0287625872009,298.8869192530654,298.31939667550324,299.1154866427251,297.74683881059826,298.4924892389192,300.8569902246349,299.4497978998749,298.1015935309446,303.40922527063896,299.6642740718596,303.52884172718205,300.2969059960209,299.8633958183231,299.1475252150203,300.2708486681603,300.0629522739505,299.7829647549497
59,298.07106421645017,298.2927646933801,300.5329638402164,299.15724805809026,297.7258052013878,297.91517324849667,298.9602307597667,299.4754850262777,299.98256506494795,298.27791918342314,297.1655044839843,299.04063956420094,299.270850223692,299.5307771878741,298.66497946991325,299.6749848945685,298.55013086548865,302.39570530042874,300.6040770203301,300.00863354679126,301.03285087569225,301.40139430170257,301.60617758666837
60,297.6810442113221,299.11274371830683,298.27359475361004,301.5477497076519,298.1694211065931,297.8117694994709,298.3508796196202,297.484343880943,298.4834731768943,298.3970823220832,298.0813517175047,298.49647000286865,300.26753044565083,301.60466002223455,298.21092138798423,302.0994856778223,298.2814940866099,300.3486154454858,303.54969327024287,302.3740090203307,302.52758645347063,303.82258321722725,303.9055998695964
61,297.8773236714906,297.90222478772944,297.448904677826,296.75926285625917,298.5666790223415,298.18664961479845,297.9212849775643,298.0865336565557,297.760001282593,298.1636361251135,299.78789475132857,299.2784510109136,302.425452739783,299.21684027551925,299.78405864214824,298.606487043728,299.23978973506286,299.7718040354302,299.3654330763298,302.43086316503394,300.67280570729054,298.9265776843021,299.1070091802595
62,297.77393058879187,299.2453404250145,298.29687321200794,297.2180544343281,299.4515513113769,298.2689114271605,298.1913497795916,298.0439341366557,298.3784474285217,298.0413971413355,299.6698358248359,300.68337306196304,299.0562666411393,297.8758342227436,301.62414454713274,298.97657375029104,299.3226649687005,300.34161325946184,299.4961635486744,298.7774327051972,298.6544814011026,299.86157858380756,299.42044757372076
63,298.60546388613506,300.86798938550845,298.666415816946,298.3820361064666,302.2406931900458,298.94413503531393,298.6772292984628,298.1701778554405,297.75615149892377,298.46123635338967,297.9049064536216,302.3045660975381,298.35570178419727,299.3316583170177,299.3803152766573,300.5755474785751,300.1867436847465,299.6277697414902,300.77869097170856,299.77178411742284,299.4970689678919,301.283202209082,301.7574834692723
64,300.4182507417964,299.0147055257841,298.357032465044,297.5488819775974,297.0493081937641,298.2931110945986,297.86870843365455,298.7433908992944,297.57215386769604,298.48440150676237,298.0990943577642,298.6275142365418,298.2720367859472,300.4099458151467,298.9172013147743,302.9962119727082,300.28694620324194,302.5230902514618,299.51816009531524,302.0405460050811,300.8274615676931,301.67749489012596,303.68955441840404
65,298.3868321632494,297.61298720253393,297.88959784448883,298.169514189216,296.69073976323403,299.59385108372896,297.9740117839306,300.2558624960722,297.80186998718705,298.24379283972166,298.8268075955951,298.4528181961289,299.4481298066633,303.2013678945695,299.1457273534695,298.6659597826726,299.37286242510123,302.4953018984431,299.40891739837144,302.7086646029638,303.1325769946659,303.6290619945182,300.82042198647076
66,297.6961639458359,297.84390533302184,298.3859863624291,298.96370341776856,297.6399428381225,298.02575557644275,297.88450229700317,301.19338930831896,297.4544827272009,298.653543433248,298.36807516769653,299.5946461210264,301.71886629903287,298.28748148794836,300.44170034696504,298.3690787720801,299.618945701106,299.8524615393587,300.92393295209473,298.65066685784774,303.94013735962403,299.6823576563724,299.0574330085016
67,298.0220997826656,297.7540742044843,299.7359304711368,301.0327683560154,298.70733331235994,297.93017781501425,298.59015280424387,296.1260101392142,299.23831000650574,301.7554293833677,298.3342341346668,299.75151136964985,298.77299372821676,298.18434606539876,301.20785449144336,299.5365757455441,301.54142094584034,299.34734197541985,299.8226270321079,300.79559921821414,300.0109600736373,299.51243727447854,300.6267556429767
68,299.0416480415076,297.6459093754293,301.00842370378086,296.98497097052234,297.9689613155443,298.66680197506037,298.5828281571473,297.17111801762513,299.85651922335256,297.33441899847463,299.67702638597217,300.4733422846443,298.0249869729313,299.6389524937156,303.6487759835631,300.1181059523315,303.6141075637318,299.47239679291744,301.4888257914336,303.9435201919198,300.03612798745075,300.0502461539535,302.0943195363388
69,298.046717589039,298.0341107928339,296.90719496279706,297.45717525316786,298.32990766776646,299.2962386426224,298.99257725946364,298.12544873441345,297.61991960651943,296.7912889033192,299.65020026194566,299.1467590513546,298.47868273168234,300.89427922573185,298.74176257891264,299.94210965903335,298.9991282962242,301.85832042535503,301.26418985795203,299.89570192248954,300.0455900002714,303.2643088346418,301.01921459979934
70,297.77942215825556,297.7285110678167,297.07189754927765,298.40722028108553,299.73258845957923,298.17448136288886,298.74511653006726,298.8674813301493,298.0542731913292,297.72269742756424,297.7511925611122,299.6230293594079,299.21481815463693,300.5696370846535,298.8034909308718,298.8149941393686,298.0059841900768,302.8649868910813,301.4537547078541,299.8512881980279,300.7915341296696,304.24322434975954,301.04117119956055
71,298.30197621711835,299.18156720390033,297.7980868281963,298.8374141326851,297.7181295708629,300.00887217009137,299.4556935009734,298.62251707668486,297.89876554352185,298.5707950379173,297.23564781170313,301.8160648025674,301.9186166857208,298.3458251573964,299.3560897860318,299.05877488768925,299.66864468294017,299.1188375433591,303.59632208765,299.39654596401283,303.77065960254623,299.65361066191167,302.1980482675004
72,298.5427261215479,299.7450675720483,298.8107760654468,300.53372321180206,298.9954817054306,298.19491166415963,297.2844494540168,298.1747124373782,298.52100273187193,298.26604931339256,298.2324750687632,299.96831901956233,298.94672699441384,299.5937289529765,300.9026630886158,299.9273584195876,301.55636587111,300.11011313369096,299.0144279059202,300.1829114033813,300.04302747370843,299.88141366254956,302.9407743083559
73,297.5297634133447,302.34084747410907,299.5038833312555,301.6339337628374,298.05794927220717,297.6027047610753,297.0458068835871,299.44624333497956,300.0040065711914,297.99853277669325,298.0647499744762,297.8077373337939,298.2130854726309,302.12108442985055,302.11802929923346,301.73026742403573,303.3600195401419,303.67512028494656,299.364179153747,303.5204646604439,299.89644030863434,301.77519054369077,299.85545525304013
74,298.19911381872174,297.0192798099934,299.43757206748023,296.70549872183113,297.5808876468014,298.77016986082776,297.9764094937818,298.66477757080105,298.963327234621,298.55375953357265,297.62263991926665,299.5830978482541,299.3640827176453,298.1732631516874,298.2518240113474,302.7843952300033,298.5469670646396,300.1508072128948,300.2829205108251,299.9416016126135,301.99473111263995,304.44097207090675,300.5779580075355
75,298.2165006974358,297.0564108134886,298.93616946718384,298.0250900916881,298.0354179191194,300.3299700329547,298.68696496746037,298.4737454174962,298.8201443426528,299.3100295271591,300.1545454616102,300.2476192129098,301.4952015672404,298.73317594016584,299.49241606587884,299.6238415604366,298.64358867626544,299.3604186208697,299.8905183422475,299.6266852300514,304.6940118444996,300.64211713434423,301.8163399198368
76,300.0347184722645,298.5745913997699,298.36121015866127,298.3331784212656,298.2702611713352,297.83600210876017,297.8501249255398,298.494278616437,297.5816898195731,300.40738609978854,299.8526952021285,299.23230889235293,300.46344110827874,298.6042172009247,299.890555002534,298.4506847816767,299.6824990859134,300.5674099104353,300.52028226275155,301.1104430296836,300.41959295187024,300.25998953257186,304.6190867884838
77,297.94613186868406,299.65299516897767,298.17745316570483,297.98674129000074,298.88119510613075,298.29475669005484,297.43808069497294,298.5189091395817,298.2948137689212,298.90982436392324,297.3280662034562,300.1515761754731,297.99605637768883,299.2583149199601,301.2627841145182,299.640766299949,301.36657226375627,304.00308811486263,302.82572795751594,303.99680011405144,300.40253043432307,301.2030410109758,300.7751813296181
78,297.61671540362676,301.372436116164,298.5233956122992,298.5289751901073,298.565635740533,302.0851664585378,298.8096431743982,298.70620847462675,298.1223290932771,297.594104985714,298.2194009307171,301.3112736379556,299.5709303403515,299.4442433921886,303.2023859838607,301.62503613002986,303.540834956411,299.86739443891105,303.0720188828666,300.09716968681124,301.275291915502,303.808786696126,300.223421188185
79,298.7817572924692,300.5438047682324,297.98433429923193,299.76508044406756,299.2183366257977,297.64948722225677,299.76815920731684,298.9676344940251,299.2331077597919,297.79073727923577,299.03332593780533,298.29546704180785,301.5706612952643,301.3906693972903,299.0574219676487,301.26120696503546,298.35099865018293,299.7353214307498,299.56477349077346,299.7416936251644,302.9813859937511,301.4485699783034,301.5275421720265
80,298.6775728017287,296.3811831880992,298.237890458417,301.85140162419856,298.78914464140774,297.3851648334674,302.1037933348258,298.3177368237926,300.65227632683445,297.8106234161142,299.44151691342444,297.9228009356093,301.18551384307403,302.4684212696843,299.53693957694986,298.6522708660832,299.85699590389504,301.654307813921,300.09995466640515,300.4698773816594,302.76724879357556,300.80060544227246,304.5519081517393
81,298.05577574732223,297.69259593896965,297.7331777837116,297.2004867807456,298.72905094224683,298.2054664413261,297.1024492364054,298.02979110187465,301.69925869678605,298.2963669510185,300.48344805596474,298.9475684724961,299.6328256091138,297.91748533217657,299.6374507059902,299.44049018478677,299.8900129252949,304.1483198947888,302.65569462973275,303.8995213105888,300.10153815822775,300.4580818462319,300.5017193150284
82,299.5496655984662,297.9063328352011,298.3701050143368,296.66727679379824,298.1603051918041,299.1783846141732,297.5072292730395,298.5041523676488,296.7142927981403,300.17633424047693,297.94803243810514,298.8188475105107,298.19788983903885,298.0579135324681,299.18942935069725,300.5000258084934,301.3841038645521,299.37723426123233,301.43564419052694,299.5360690629686,300.90387560281357,301.6407372388589,300.28471689921054
83,297.39403483231797,298.74913197747134,298.0395097958918,297.8665198063638,299.1493454831879,298.55442481013176,298.2791987863637,299.51211972418963,296.7911418727891,299.8761413832047,298.5375062876398,299.82121539898117,298.808471457758,299.0625747558051,300.7170230796989,300.7415023966722,301.72956208943066,299.61028881014687,299.52334431641884,299.4084765355561,304.08124715492664,304.79862929182303,301.26457095511086
84,298.01451757138375,300.6274228550962,298.2960028950924,298.60062536786785,298.27010266413345,299.1122562326495,298.66165116616526,299.8559714774133,297.99991834505596,297.9998778281013,299.1628146912708,302.7491374340778,300.9880435733005,299.3094234803959,300.08496985169415,301.81599631059345,299.2052297126325,301.3384128305141,300.34421218957016,300.68678422658127,301.58952465333255,303.26402938738005,301.4967696244032
85,297.8721141173575,299.7368367716759,299.260219190068,299.2838035381637,298.14743744122444,298.18494718778385,298.561392592054,300.04274288466644,297.8055769669375,298.9691986257473,297.9572051118505,297.6722729966088,302.85878059400324,299.9563390324957,302.52567120770334,298.6711719405305,299.3480118686062,304.32050033139166,303.28318978530996,304.1321541777648,300.92898726593717,300.02639087409443,303.5284180209679
86,298.2003201424766,296.7635469458449,298.7552442449465,298.4227861136659,299.08886028784354,297.80831061701167,299.9667170021725,297.16604821336307,298.64966282529144,298.16543630324543,297.66385496543563,,,,,,,,,,,,
87,297.9904754258305,297.69250000222286,300.09572445558297,299.11002614661544,299.4438456198452,299.5799580163945,300.2552280264212,297.6955042493061,301.04456771316217,297.97100957046854,299.0470147304855,,,,,,,,,,,,
88,297.65855937241025,298.3657421658119,298.6702458496366,297.94008058586195,301.680537935596,299.7997579862069,297.4595389457599,298.43201165331203,300.8444391173296,299.01772432113756,299.21691746989677,,,,,,,,,,,,
89,298.46157956197993,301.82593760278337,297.8364375727784,297.7174719101226,297.08013424726374,296.9510078190486,297.05406543011605,298.1798574257397,296.77238807312006,301.34750355880277,298.36606445124806,,,,,,,,,,,,
90,299.41624586440963,299.4091029762665,297.7829011750085,298.0445987477917,296.42189910538946,297.8571739937743,297.73747772464685,298.10661095078797,297.6310147689781,296.98879410452133,298.85170307855157,,,,,,,,,,,,
91,301.95626457524855,297.488988792776,297.95414954365657,297.9652577501683,297.8324002280693,298.32630341550356,298.01921282057174,298.12819634924796,297.71122293464265,297.1714931119689,300.78734089046077,,,,,,,,,,,,
92,297.14602173621,298.532625090169,298.63377104197866,298.202482254346,298.2709993360123,298.4716672499398,298.4944137635316,297.91373277930046,297.8770347546271,297.5009948886721,298.3869203766699,,,,,,,,,,,,
93,296.947160617909,298.69666204122444,299.2446528945336,298.21881710407825,301.80443312128403,298.4597762801443,299.92360689172693,298.7151544613075,299.05116867603493,297.96031705481687,297.92068140064083,,,,,,,,,,,,
94,297.7455949989118,298.7738285234773,300.9261400461094,298.4142246608043,299.446818278702,297.8196478875078,299.64389953745984,299.4124623959926,302.1835946965727,300.1910949852674,298.9863755868682,,,,,,,,,,,,
95,298.6263996328899,298.4761565828646,299.80812805484067,297.85155272566953,297.12233614400037,299.0157553228909,300.1136362749735,300.53512020854964,297.1485691931185,301.1079424392997,299.27393626485303,,,,,,,,,,,,
96,298.07618636038524,297.9973183219957,297.1682763889515,298.2773046178586,297.6961462406205,297.78155738933674,298.23161902450124,297.9279669052109,296.96605175376084,297.5895395870203,301.32383043977853,,,,,,,,,,,,
97,297.4322279556653,298.33562991546574,297.44151050892987,298.3857626364531,298.6711999973177,297.9891171591274,299.0874482599108,297.4344542754236,298.0405761403143,297.9863466394717,298.08233946825084,,,,,,,,,,,,
98,297.81832803986293,298.9756364877792,298.87547825821383,298.950299865073,299.8283005290249,298.7284863209011,299.65476004624105,297.89053312951523,299.0252050281238,298.97791542136514,297.39763460393647,,,,,,,,,,,,
99,298.0357071031297,302.3603864538849,299.4934596425979,300.18806635218033,302.342492274014,300.13464812789925,299.75435813933336,298.1867755945146,299.932069048556,300.05473946438906,298.3019915941117,,,,,,,,,,,,
100,299.54754290374416,297.4729870352859,298.5873801283696,300.4905673335167,297.1437527456752,302.6162507850269,300.84211470892666,298.3627016117752,297.9376014282564,298.46974679843845,298.2782064779329,,,,,,,,,,,,
101,298.52024222458806,297.4806310687156,298.698584401252,298.7352695296661,297.8549992760357,297.52060011171153,297.18059224264766,298.3300333356967,298.17094581003204,298.2623586135133,298.23884460062345,,,,,,,,,,,,
102,297.8713120781271,297.7129869925754,298.7026280889317,297.27444387380785,298.52447183264076,296.3046814001655,298.06189354305894,298.1233494238868,298.66739648392286,298.7336455267875,299.10936674506905,,,,,,,,,,,,
103,297.38829855914804,298.153681161529,297.82016758577896,297.4587709437462,299.35389838030204,297.97190339903017,298.386524289217,298.19361468546845,298.56928623148065,297.95422097512875,300.0270051410673,,,,,,,,,,,,
104,297.81268318785396,297.9870358596823,297.7169143098768,297.9352648840054,301.1525175301883,298.67076434263413,298.0052953117863,301.23641252935516,298.6222787898273,298.84583257879746,302.65734151306987,,,,,,,,,,,,
105,298.38993488776896,298.11357062159124,298.73872206072434,297.3844888676189,297.9211074065557,301.35325723698264,299.04918869942645,301.11266314372773,301.0826424591966,298.8766137016628,297.32693536192477,,,,,,,,,,,,
106,297.97904430168546,299.0010362675451,299.78792709918963,298.235238846338,297.26053522002127,299.50559415921856,298.9326007838041,297.8241056023531,298.74351754140207,297.986108240015,296.97656606469417,,,,,,,,,,,,
107,297.75388579842644,297.98939068268857,299.5229505170549,298.7435619151003,297.73508447622964,297.39040439676427,299.2348597908364,297.7707632979243,296.9089440077244,298.47663700980723,297.96869669943527,,,,,,,,,,,,
108,298.330025640015,298.6069796386629,298.66379418033483,300.1566331037022,298.88958022428136,298.13375293307803,298.8608959769672,297.89277218513524,297.8046916795441,299.8612736552385,297.9505385902508,,,,,,,,,,,,
109,298.8893120176747,300.5201197828158,297.6206683182947,298.5379373209234,300.832439119603,298.85851798703874,297.1598682429301,297.8426782285155,298.18691143312293,300.780686244528,298.89638081052027,,,,,,,,,,,,
110,298.258702080296,297.66866755538257,297.63509702629636,299.0358729575407,299.40225212640263,300.2692286532026,297.9649255661369,297.8604708236397,298.9829742771001,297.0532504513062,299.8488488477498,,,,,,,,,,,,
111,297.8371863907162,297.8105790489484,298.39388428373667,298.77257650656253,297.05405579802533,299.85188738889116,298.1230134233626,298.43433841717814,300.11283316659427,297.52021021960144,300.0546870284251,,,,,,,,,,,,
112,298.01313817066165,298.8559826851537,299.7723005244815,298.5695584896705,297.91063465987753,299.94718119771227,298.46817133076746,301.2177332172596,298.21825506980605,298.7013043943795,297.9136824280478,,,,,,,,,,,,
113,298.57110383917484,301.86051311593957,302.4501476277955,299.7620094328015,298.8198593426395,297.3586495226332,299.10069250871413,297.4466047077403,297.5709357770133,300.6874003097505,299.370600709932,,,,,,,,,,,,
114,299.251004111133,297.3742288893574,296.8973835563094,300.8636987682237,301.00576293153944,297.86666940195147,297.9676173784183,297.08327968853314,298.27834952874633,301.2433170595138,301.29469060740183,,,,,,,,,,,,
115,299.9965395893294,297.0658434456197,297.2750436600106,296.589008348889,297.23028235022264,298.0707185116933,299.52500839586537,298.19208100107204,299.0902485671533,297.04098897299906,297.62397058768323,,,,,,,,,,,,
116,298.0279531680854,298.03746942163974,297.63769711705544,297.25709528650685,298.3247944104965,298.4359377653129,299.6534232775172,298.5431041710909,300.4793610335214,296.94475305409014,298.01046784668705,,,,,,,,,,,,
117,297.85035953734973,299.1456618607529,299.2356502410085,298.03371525980566,298.85577367566384,298.4705702409347,297.66416481189077,297.64984467436756,299.85618150174037,298.9815326556896,298.0577420095058,,,,,,,,,,,,
118,298.0701329143148,298.76357293774186,301.6720891508462,298.586915096487,297.44545101031025,299.9736337595062,298.143310859922,297.64836215033273,296.81736305261484,299.48583439589265,297.7761903606515,,,,,,,,,,,,
119,299.18735049743333,301.8044656706573,297.6240728428971,299.40695301359386,298.2432398569266,300.38349886600207,299.2123877907604,298.6053701736092,297.24738381077435,299.5742690019277,298.00502504608266,,,,,,,,,,,,
120,297.1412049271618,298.516999723162,297.6565679127577,300.62765119510505,299.3622012449615,297.2684811886432,300.8692487689644,300.05663294409135,297.9023460729133,299.09122034229233,297.86225186126893,,,,,,,,,,,,
121,297.46761710843464,297.92725990477896,298.0113357564355,297.6952280130742,299.33827619033406,297.5045404824229,298.34754084554055,300.66768603298675,298.09086755440825,298.1146005822529,297.8847836063003,,,,,,,,,,,,
122,298.2623975304417,297.98878319287195,298.1761926108497,297.865855369251,300.23040831413795,297.8035614538304,298.0847364642048,298.1589416441022,298.7231807638357,298.65861144094583,298.49681496552853,,,,,,,,,,,,
123,298.69442918646644,298.41487654063195,298.79563970436243,298.11700647386743,298.0391303160358,299.8926670479022,298.53505636139795,297.8178554344474,301.5155912206215,298.88122204684277,299.614974933163,,,,,,,,,,,,
124,298.1874874802918,299.581886955737,299.2214247862435,298.4273734985448,297.18677140577864,301.9081194249488,299.0403402877966,298.56849874268346,298.88827745133494,297.80445147535033,302.3265010671046,,,,,,,,,,,,
125,298.1033984310204,298.3666342941425,301.0399013552902,298.36820122681644,298.4613882465317,297.4886217800475,298.8241147347317,299.51237551143487,297.3692862697037,298.4651477861646,297.48908715472754,,,,,,,,,,,,
126,298.14036255853057,297.58982315713587,297.56077769386906,297.9337008771318,300.85550115272525,296.6060898886454,297.6208378532383,301.49885832273077,297.82855030831774,299.32722624939913,297.83121208291874,,,,,,,,,,,,
127,298.1164748102431,298.98168435761414,297.7447873756508,299.02987015719856,300.45980205056003,298.1107795737125,297.6089988127092,296.82992790932695,298.56933955891105,298.0462925742183,297.99844050615485,,,,,,,,,,,,
128,299.04425748023306,301.88902138339375,299.36562293745556,301.33243864641963,296.71014424439096,299.2269943281082,298.3373092976571,297.2517727352793,297.6064331993479,298.9306864260678,298.4674013051527,,,,,,,,,,,,
129,299.7245427132554,298.4046154998494,298.3813935940986,297.44530901081885,296.88670496370554,302.18359242563594,298.3339914180993,298.07496953380786,298.89540103238636,300.15020526071766,298.3094211675238,,,,,,,,,,,,
130,297.2341351363293,297.46570303637714,297.8376423125964,297.44532722070926,297.79028538699004,297.3300445117591,298.0446562418206,298.1524687663544,301.19613014344753,299.13142906433364,299.82443573579053,,,,,,,,,,,,
131,297.7628418540258,297.935209907484,298.0561624065819,298.772936857136,298.4821721621783,297.06283697646603,298.19068770351856,298.75389572100664,301.3676527397849,297.1077741296406,298.01208155731223,,,,,,,,,,,,
132,299.63001457778404,298.40169039956,298.8610695020206,301.4751998431816,301.30600225038233,298.21912798806767,300.0749073138948,299.6959969119955,297.802968056093,298.07538289353755,298.5816307011274,,,,,,,,,,,,
133,300.29379040867667,298.49117175723006,299.857494318605,300.57372401917405,298.5385534539742,299.3423055233305,301.0225678337585,301.03176986689965,297.01092844642943,299.6636458940769,299.1256247774847,,,,,,,,,,,,
134,296.7310260279934,299.7028395581044,300.9348579694228,297.1750685984118,297.1183878655633,298.6306239589215,298.3547112447893,298.9600500827537,298.4422935518399,301.1492725615997,299.6390861190414,,,,,,,,,,,,
135,297.92404357628664,300.0733927760502,300.144756762881,297.229374906898,298.3004628822532,299.7206624620903,297.4916861386037,296.5358533566347,298.61963522931836,297.1350303802192,298.35111456291116,,,,,,,,,,,,
136,297.898920805759,297.64413848052067,297.12168874318326,297.1925290135723,298.1997345814354,302.4410275521425,297.7701038875651,297.56922858383587,298.45950945587515,297.9880963902036,298.65412277666536,,,,,,,,,,,,
137,298.17376544343614,297.6784456160561,298.44495267970075,298.7561082577716,300.89151918297836,296.3744639661516,298.7894492251762,297.7881851536264,299.38008938816165,299.6843797127844,298.4521577667735,,,,,,,,,,,,
138,298.8229237581877,298.63818231314536,299.37866317481536,298.815499528017,301.76754369791803,297.462827976179,300.26686449555064,299.0562617967543,297.960640232823,302.46924016818224,298.634378265425,,,,,,,,,,,,
139,297.9287756146668,298.88842164012937,298.19631404353163,301.4867661518355,298.1935230615258,298.1956345155777,298.31406063922685,299.6007121292662,298.06078131432645,296.54472946636974,302.391369528713,,,,,,,,,,,,
140,298.2358417679549,299.9281228253341,297.93509356543115,297.9130124220319,298.3334814780142,299.8602851072603,298.5597023354085,300.9688705228184,298.09676711798176,296.9189677078638,297.8838629116488,,,,,,,,,,,,
141,298.6820748717751,300.6394453679662,298.2655903271463,297.46226617846884,298.2264672989172,301.5389854737322,300.4145361320389,299.4849205026257,298.5686668225444,297.8523106350822,297.1343817859898,,,,,,,,,,,,
142,298.72650163625184,297.0643827168694,298.4624555949614,297.8891040031481,299.5427437656615,298.10881546091804,300.28977849277015,297.5328764527143,300.4624605241207,298.4453621022372,297.95864829248563,,,,,,,,,,,,
143,297.89416524321103,297.3364010817944,299.85566793503466,298.1771066793793,298.9466999178083,299.3619831419937,297.40932690681325,297.83862883888605,301.06895754393366,302.09742312825665,299.53760084067795,,,,,,,,,,,,
144,297.79673250973127,297.7988839772343,301.54743859512365,298.2959435749498,297.6201715230549,301.53367856993873,297.7994767387688,298.2109566209929,297.3562108770099,297.42427282278635,298.70850835738634,,,,,,,,,,,,
145,297.4394625370422,299.0035490404113,297.70555517584773,300.7959007225043,297.7859257306595,299.23228923926246,298.27662613382944,298.52084936496266,297.3649871432489,297.34946218672815,298.0365747952613,,,,,,,,,,,,
146,297.78180078847254,300.3755038009993,297.0938301164677,300.0794403378814,297.95800390511226,297.1879152277899,297.75619997841176,299.63971443890307,298.5341569294465,297.9097792879455,297.67353957398626,,,,,,,,,,,,
147,298.4670293032247,299.15678527277487,298.41004980720373,297.0230214134471,300.4578823058004,297.9974293193546,297.93049394728746,301.2346431444483,298.90903446979314,298.76873300694916,298.3826382006251,,,,,,,,,,,,
148,298.85218174618313,298.9362924088077,298.58399123092926,298.47234384666575,299.2394012087691,298.2712175459822,298.30153371246564,300.02189807397696,302.5056446617539,298.83424738375123,299.12180257696895,,,,,,,,,,,,
149,299.7453414759969,298.41861048976295,300.68522661505045,301.7780998838802,298.98635260741156,301.3500007507346,298.3263302596488,297.3117558646402,298.09993556033606,298.4944625988112,302.5401995543629,,,,,,,,,,,,
150,297.6653438432573,298.7953737409855,298.8732703898734,297.6561872802626,298.43886895913704,299.35396386417233,299.5297829932813,297.18921637800844,297.31432552223924,298.9121794328714,297.6984184141966,,,,,,,,,,,,
151,296.9147293540659,300.47893817493963,298.23992819025193,297.9024979958837,299.43892271990336,296.45381558844434,300.92518309369274,298.3393787575498,298.4820998413862,299.8344706015934,296.5113419376787,,,,,,,,,,,,
152,297.9331596595484,301.0590203670329,298.0912413784433,298.87537526479304,300.8274825740184,297.8266035637336,297.5952981162913,299.14885266310915,298.98179704076637,298.8336725021055,298.57963941614565,,,,,,,,,,,,
153,298.5810194051051,302.27360327885503,299.0109567001335,302.317855474713,298.7826066698444,298.3408124721861,298.72083480040936,300.30495476598486,298.92183986296004,298.4533997995737,299.1685542539619,,,,,,,,,,,,
154,298.1339741141152,297.539420395547,301.96335998667155,297.7826923138009,297.9669054752682,298.95222624028605,301.4165500334939,302.1381403787894,299.2269834840459,299.3478153021387,300.7373675768842,,,,,,,,,,,,
155,298.785882338117,297.4652540135137,297.9481261983981,297.6632350221691,298.39319671028926,301.2588565935533,300.8005840860133,297.49558837530225,300.21586474096443,302.93458591148914,302.80061190111905,,,,,,,,,,,,
156,297.7728306112114,298.07392513817905,297.6889878946972,298.9180961088213,299.76551888702164,301.2292279201991,297.8909772450554,297.36940369246713,300.6387455679196,297.5377918251527,296.7075248847155,,,,,,,,,,,,
157,298.7879555466779,298.43845335264206,298.05967389771644,299.9622940183636,302.6460883448132,296.6318143505237,298.67810524193607,298.5927194616136,297.88989675300485,297.4819733846344,297.50040420372596,,,,,,,,,,,,
158,299.44171295153507,298.6913537360529,300.3377921760078,302.4801259040061,296.910199501332,298.0640446157708,299.56249036178775,300.0576660126015,297.9131855346693,298.3454632062302,298.8622771908779,,,,,,,,,,,,
159,299.4386558762164,302.2283830432905,302.68199033637643,297.70715756788314,297.1258744609493,299.4297360849941,298.75575354214067,300.4604001949799,299.1987449759984,301.1563862916276,301.0983580366418,,,,,,,,,,,,
160,297.0111423125987,297.99525466099925,297.601964096511,298.03889618729676,297.9929713835658,302.0488622957544,299.26194136996827,301.80251199467426,299.9280304720029,300.48837940486686,297.5031814968584,,,,,,,,,,,,
161,297.3598598944047,297.1521381126444,297.8062847222275,299.76822940913013,299.0503103232349,298.6133229513877,300.3168666819363,297.9163671667756,299.4297367855213,298.0999996079654,297.5576839211572,,,,,,,,,,,,
162,298.0949005989949,297.94449629750306,298.68845516514835,302.7855106585181,300.89587849032114,297.8356702325553,299.55803797318873,297.9981810293944,298.27416542383395,298.649650082972,299.1469528957617,,,,,,,,,,,,
163,297.9829996132161,300.3046872793331,301.4230432717775,297.6739211731902,302.91906567851294,298.2329994448509,297.3223309226071,297.6338888703718,298.25366014474554,300.2846343279278,298.7929075823261,,,,,,,,,,,,
164,298.0284098244163,302.7171095811499,302.06621723327146,297.2575268468222,297.9037004676291,298.7254998091939,298.04765396381146,298.267946081234,300.0700117857178,300.21013759894635,298.48636489760656,,,,,,,,,,,,
165,297.66173267011845,,,,,,,,,,,,,,,,,,,,,,
166,297.9169960494687,,,,,,,,,,,,,,,,,,,,,,
167,297.53612161897155,,,,,,,,,,,,,,,,,,,,,,
168,298.03608487539304,,,,,,,,,,,,,,,,,,,,,,
169,298.5851248773516,,,,,,,,,,,,,,,,,,,,,,
170,299.26762409110984,,,,,,,,,,,,,,,,,,,,,,
171,298.25208115007234,,,,,,,,,,,,,,,,,,,,,,
172,300.27411581980186,,,,,,,,,,,,,,,,,,,,,,
173,298.5105298817648,,,,,,,,,,,,,,,,,,,,,,
174,297.1646586628508,,,,,,,,,,,,,,,,,,,,,,
175,297.5391577558688,,,,,,,,,,,,,,,,,,,,,,
176,298.63871839940686,,,,,,,,,,,,,,,,,,,,,,
177,299.20857248616636,,,,,,,,,,,,,,,,,,,,,,
178,297.62629453523914,,,,,,,,,,,,,,,,,,,,,,
179,297.9050694027401,,,,,,,,,,,,,,,,,,,,,,
180,297.6664335486535,,,,,,,,,,,,,,,,,,,,,,
181,297.4496039010861,,,,,,,,,,,,,,,,,,,,,,
182,297.91613471388854,,,,,,,,,,,,,,,,,,,,,,
183,298.2800576550886,,,,,,,,,,,,,,,,,,,,,,
184,298.3998432194605,,,,,,,,,,,,,,,,,,,,,,
185,300.35496866272314,,,,,,,,,,,,,,,,,,,,,,
186,296.7933020419035,,,,,,,,,,,,,,,,,,,,,,
187,297.8741118903265,,,,,,,,,,,,,,,,,,,,,,
188,298.39427767937957,,,,,,,,,,,,,,,,,,,,,,
189,297.6719215461366,,,,,,,,,,,,,,,,,,,,,,
190,298.0165193284714,,,,,,,,,,,,,,,,,,,,,,
191,298.0613225430752,,,,,,,,,,,,,,,,,,,,,,
192,298.70234137458516,,,,,,,,,,,,,,,,,,,,,,
193,299.35213446434756,,,,,,,,,,,,,,,,,,,,,,
194,300.4566057128122,,,,,,,,,,,,,,,,,,,,,,
195,297.27906336017384,,,,,,,,,,,,,,,,,,,,,,
196,297.24599521995293,,,,,,,,,,,,,,,,,,,,,,
197,298.6702299336251,,,,,,,,,,,,,,,,,,,,,,
198,298.6964842158813,,,,,,,,,,,,,,,,,,,,,,
199,298.136705439267,,,,,,,,,,,,,,,,,,,,,,
200,298.33514005250885,,,,,,,,,,,,,,,,,,,,,,
201,298.1274132683616,,,,,,,,,,,,,,,,,,,,,,
202,298.16373423869044,,,,,,,,,,,,,,,,,,,,,,
203,299.8761262114513,,,,,,,,,,,,,,,,,,,,,,
204,299.8145472789195,,,,,,,,,,,,,,,,,,,,,,
205,298.63355364772286,,,,,,,,,,,,,,,,,,,,,,
206,297.2952348356875,,,,,,,,,,,,,,,,,,,,,,
207,297.57823044822766,,,,,,,,,,,,,,,,,,,,,,
208,297.910394732832,,,,,,,,,,,,,,,,,,,,,,
209,297.9255303438734,,,,,,,,,,,,,,,,,,,,,,
210,297.47691079693016,,,,,,,,,,,,,,,,,,,,,,
211,297.59795959696686,,,,,,,,,,,,,,,,,,,,,,
212,297.3681161957611,,,,,,,,,,,,,,,,,,,,,,
213,298.1954779009663,,,,,,,,,,,,,,,,,,,,,,
214,298.59903103602886,,,,,,,,,,,,,,,,,,,,,,
215,299.34019467324197,,,,,,,,,,,,,,,,,,,,,,
216,299.507597721803,,,,,,,,,,,,,,,,,,,,,,
217,302.1893851713096,,,,,,,,,,,,,,,,,,,,,,
218,296.74905122713614,,,,,,,,,,,,,,,,,,,,,,
219,296.6942804966615,,,,,,,,,,,,,,,,,,,,,,
220,297.7168825266302,,,,,,,,,,,,,,,,,,,,,,
221,297.49010217600033,,,,,,,,,,,,,,,,,,,,,,
222,297.7644645311446,,,,,,,,,,,,,,,,,,,,,,
223,298.95007217288895,,,,,,,,,,,,,,,,,,,,,,
224,300.87353495377613,,,,,,,,,,,,,,,,,,,,,,
225,298.38556990657867,,,,,,,,,,,,,,,,,,,,,,
226,296.9722997208221,,,,,,,,,,,,,,,,,,,,,,
227,298.2412037860134,,,,,,,,,,,,,,,,,,,,,,
228,299.1970403318849,,,,,,,,,,,,,,,,,,,,,,
229,299.2449679159127,,,,,,,,,,,,,,,,,,,,,,
230,301.1184995816623,,,,,,,,,,,,,,,,,,,,,,
231,296.3161547206143,,,,,,,,,,,,,,,,,,,,,,
232,297.51464884965566,,,,,,,,,,,,,,,,,,,,,,
233,298.04232952257195,,,,,,,,,,,,,,,,,,,,,,
234,298.0001696836711,,,,,,,,,,,,,,,,,,,,,,
235,297.9148700847799,,,,,,,,,,,,,,,,,,,,,,
236,297.8700689630206,,,,,,,,,,,,,,,,,,,,,,
237,298.725093038199,,,,,,,,,,,,,,,,,,,,,,
238,298.1565415665577,,,,,,,,,,,,,,,,,,,,,,
239,298.44114683477756,,,,,,,,,,,,,,,,,,,,,,
240,297.7888028209241,,,,,,,,,,,,,,,,,,,,,,
241,297.85918099761324,,,,,,,,,,,,,,,,,,,,,,
242,298.48031765856257,,,,,,,,,,,,,,,,,,,,,,
243,299.0405793980938,,,,,,,,,,,,,,,,,,,,,,
244,297.98224480975324,,,,,,,,,,,,,,,,,,,,,,
245,298.1880558017554,,,,,,,,,,,,,,,,,,,,,,
246,297.8491979098063,,,,,,,,,,,,,,,,,,,,,,
247,297.87014934761004,,,,,,,,,,,,,,,,,,,,,,
248,298.3533864172742,,,,,,,,,,,,,,,,,,,,,,
249,298.6878972684348,,,,,,,,,,,,,,,,,,,,,,
250,299.68741651595406,,,,,,,,,,,,,,,,,,,,,,
251,296.72384689065706,,,,,,,,,,,,,,,,,,,,,,
252,297.7110629215713,,,,,,,,,,,,,,,,,,,,,,
253,298.5136140726054,,,,,,,,,,,,,,,,,,,,,,
254,298.8033740413651,,,,,,,,,,,,,,,,,,,,,,
255,297.8841963464556,,,,,,,,,,,,,,,,,,,,,,
256,298.73644438218133,,,,,,,,,,,,,,,,,,,,,,
257,299.5130146689656,,,,,,,,,,,,,,,,,,,,,,
258,297.992113999069,,,,,,,,,,,,,,,,,,,,,,
259,297.888727000061,,,,,,,,,,,,,,,,,,,,,,
260,297.82067649012924,,,,,,,,,,,,,,,,,,,,,,
261,297.30627373113083,,,,,,,,,,,,,,,,,,,,,,
262,297.7758899410719,,,,,,,,,,,,,,,,,,,,,,
263,298.4719533590925,,,,,,,,,,,,,,,,,,,,,,
264,301.42805003727307,,,,,,,,,,,,,,,,,,,,,,
265,297.0737218190315,,,,,,,,,,,,,,,,,,,,,,
266,296.7055948206494,,,,,,,,,,,,,,,,,,,,,,
267,298.3285895583917,,,,,,,,,,,,,,,,,,,,,,
268,298.154876407661,,,,,,,,,,,,,,,,,,,,,,
269,298.0520702457718,,,,,,,,,,,,,,,,,,,,,,
270,297.90041643108356,,,,,,,,,,,,,,,,,,,,,,
271,299.8017679456556,,,,,,,,,,,,,,,,,,,,,,
272,301.81651002934655,,,,,,,,,,,,,,,,,,,,,,
273,297.7095865605608,,,,,,,,,,,,,,,,,,,,,,
274,296.8065101220012,,,,,,,,,,,,,,,,,,,,,,
275,297.4672129141717,,,,,,,,,,,,,,,,,,,,,,
276,297.9029272977974,,,,,,,,,,,,,,,,,,,,,,
277,298.484759796329,,,,,,,,,,,,,,,,,,,,,,
278,298.84613903371786,,,,,,,,,,,,,,,,,,,,,,
279,299.14367630636497,,,,,,,,,,,,,,,,,,,,,,
280,299.25248025317273,,,,,,,,,,,,,,,,,,,,,,
281,300.2432104158377,,,,,,,,,,,,,,,,,,,,,,
282,296.81132410038003,,,,,,,,,,,,,,,,,,,,,,
283,297.21760609466213,,,,,,,,,,,,,,,,,,,,,,
284,297.64804021370816,,,,,,,,,,,,,,,,,,,,,,
285,298.4213590546374,,,,,,,,,,,,,,,,,,,,,,
286,298.6298588013533,,,,,,,,,,,,,,,,,,,,,,
287,298.1768922539646,,,,,,,,,,,,,,,,,,,,,,
288,299.8311215413591,,,,,,,,,,,,,,,,,,,,,,
289,301.68982475183356,,,,,,,,,,,,,,,,,,,,,,
290,296.81058902453157,,,,,,,,,,,,,,,,,,,,,,
291,297.0217438360214,,,,,,,,,,,,,,,,,,,,,,
292,298.1978149491803,,,,,,,,,,,,,,,,,,,,,,
293,297.9286709090688,,,,,,,,,,,,,,,,,,,,,,
294,298.08808409493435,,,,,,,,,,,,,,,,,,,,,,
295,297.87850687912936,,,,,,,,,,,,,,,,,,,,,,
296,298.0571549461714,,,,,,,,,,,,,,,,,,,,,,
297,297.64873807479336,,,,,,,,,,,,,,,,,,,,,,
298,298.73411740138835,,,,,,,,,,,,,,,,,,,,,,
299,299.5488181472854,,,,,,,,,,,,,,,,,,,,,,
300,301.98547373344536,,,,,,,,,,,,,,,,,,,,,,
301,296.4102779532285,,,,,,,,,,,,,,,,,,,,,,
302,297.32635595197047,,,,,,,,,,,,,,,,,,,,,,
303,297.2466022022878,,,,,,,,,,,,,,,,,,,,,,
304,297.9558587396516,,,,,,,,,,,,,,,,,,,,,,
305,298.6682537622805,,,,,,,,,,,,,,,,,,,,,,
306,299.1439393175463,,,,,,,,,,,,,,,,,,,,,,
307,300.06900893221376,,,,,,,,,,,,,,,,,,,,,,
308,297.53334700804425,,,,,,,,,,,,,,,,,,,,,,
309,297.827108860438,,,,,,,,,,,,,,,,,,,,,,
310,299.47933701983044,,,,,,,,,,,,,,,,,,,,,,
311,298.5753072641165,,,,,,,,,,,,,,,,,,,,,,
312,297.94167733896427,,,,,,,,,,,,,,,,,,,,,,
313,297.53709303905845,,,,,,,,,,,,,,,,,,,,,,
314,298.10769565350085,,,,,,,,,,,,,,,,,,,,,,
315,296.9125644542219,,,,,,,,,,,,,,,,,,,,,,
316,297.49002669618295,,,,,,,,,,,,,,,,,,,,,,
317,298.2046049550659,,,,,,,,,,,,,,,,,,,,,,
318,297.71163614232324,,,,,,,,,,,,,,,,,,,,,,
319,297.7635920473072,,,,,,,,,,,,,,,,,,,,,,
320,298.49660780546037,,,,,,,,,,,,,,,,,,,,,,
321,298.5903686754896,,,,,,,,,,,,,,,,,,,,,,
322,298.10388115299935,,,,,,,,,,,,,,,,,,,,,,
323,298.4115242012555,,,,,,,,,,,,,,,,,,,,,,
324,298.6353364834494,,,,,,,,,,,,,,,,,,,,,,
325,297.98922701946196,,,,,,,,,,,,,,,,,,,,,,
326,297.3027582302042,,,,,,,,,,,,,,,,,,,,,,
327,297.96451794982335,,,,,,,,,,,,,,,,,,,,,,
328,298.694256918154,,,,,,,,,,,,,,,,,,,,,,
329,298.4479653673052,,,,,,,,,,,,,,,,,,,,,,
330,297.46897173924845,,,,,,,,,,,,,,,,,,,,,,
331,298.05952324454535,,,,,,,,,,,,,,,,,,,,,,
332,299.32962109995236,,,,,,,,,,,,,,,,,,,,,,
333,301.63531127879764,,,,,,,,,,,,,,,,,,,,,,
334,296.92533891267936,,,,,,,,,,,,,,,,,,,,,,
335,296.9519423298278,,,,,,,,,,,,,,,,,,,,,,
336,297.6991923380054,,,,,,,,,,,,,,,,,,,,,,
337,298.395701275168,,,,,,,,,,,,,,,,,,,,,,
338,299.7548220051921,,,,,,,,,,,,,,,,,,,,,,
339,297.91418441007914,,,,,,,,,,,,,,,,,,,,,,
340,297.68753119462934,,,,,,,,,,,,,,,,,,,,,,
341,299.6611947142567,,,,,,,,,,,,,,,,,,,,,,
342,301.16316848534467,,,,,,,,,,,,,,,,,,,,,,
343,297.1795160671223,,,,,,,,,,,,,,,,,,,,,,
344,296.7680236995981,,,,,,,,,,,,,,,,,,,,,,
345,297.5836264508295,,,,,,,,,,,,,,,,,,,,,,
346,298.48797584460044,,,,,,,,,,,,,,,,,,,,,,
347,298.79458974107746,,,,,,,,,,,,,,,,,,,,,,
348,298.0867416910462,,,,,,,,,,,,,,,,,,,,,,
349,297.98631251641376,,,,,,,,,,,,,,,,,,,,,,
350,297.6021779295013,,,,,,,,,,,,,,,,,,,,,,
351,298.010012588721,,,,,,,,,,,,,,,,,,,,,,
352,298.3056130298168,,,,,,,,,,,,,,,,,,,,,,
353,298.05322669905763,,,,,,,,,,,,,,,,,,,,,,
354,298.25534226696084,,,,,,,,,,,,,,,,,,,,,,
355,297.95355540257924,,,,,,,,,,,,,,,,,,,,,,
356,296.99271654649147,,,,,,,,,,,,,,,,,,,,,,
357,297.60107157974926,,,,,,,,,,,,,,,,,,,,,,
358,299.2479961774837,,,,,,,,,,,,,,,,,,,,,,
359,298.5911978349732,,,,,,,,,,,,,,,,,,,,,,
360,297.9343061029638,,,,,,,,,,,,,,,,,,,,,,
361,297.7585955007176,,,,,,,,,,,,,,,,,,,,,,
362,298.1285583942751,,,,,,,,,,,,,,,,,,,,,,
363,298.0105953277964,,,,,,,,,,,,,,,,,,,,,,
364,298.24868235739933,,,,,,,,,,,,,,,,,,,,,,
365,298.4573993058928,,,,,,,,,,,,,,,,,,,,,,
366,297.3765275720128,,,,,,,,,,,,,,,,,,,,,,
367,298.71127955269077,,,,,,,,,,,,,,,,,,,,,,
368,298.99539437055336,,,,,,,,,,,,,,,,,,,,,,
369,300.5626603089842,,,,,,,,,,,,,,,,,,,,,,
370,297.64660147015326,,,,,,,,,,,,,,,,,,,,,,
371,297.35451560059,,,,,,,,,,,,,,,,,,,,,,
372,298.38266464496377,,,,,,,,,,,,,,,,,,,,,,
373,296.91022482635896,,,,,,,,,,,,,,,,,,,,,,
374,297.89129113108174,,,,,,,,,,,,,,,,,,,,,,
375,297.5323558595705,,,,,,,,,,,,,,,,,,,,,,
376,298.5639216567344,,,,,,,,,,,,,,,,,,,,,,
377,298.5814257580383,,,,,,,,,,,,,,,,,,,,,,
378,298.5829977743036,,,,,,,,,,,,,,,,,,,,,,
379,298.8297743760695,,,,,,,,,,,,,,,,,,,,,,
380,297.7936301702553,,,,,,,,,,,,,,,,,,,,,,
381,298.2804975259824,,,,,,,,,,,,,,,,,,,,,,
382,299.94422498051864,,,,,,,,,,,,,,,,,,,,,,
383,298.37319375955,,,,,,,,,,,,,,,,,,,,,,
384,298.5693954942987,,,,,,,,,,,,,,,,,,,,,,
385,298.5587770897715,,,,,,,,,,,,,,,,,,,,,,
386,298.41707845662546,,,,,,,,,,,,,,,,,,,,,,
387,297.7853390694507,,,,,,,,,,,,,,,,,,,,,,
388,298.4610511570094,,,,,,,,,,,,,,,,,,,,,,
389,297.4082109092113,,,,,,,,,,,,,,,,,,,,,,
390,297.9554225593449,,,,,,,,,,,,,,,,,,,,,,
391,298.0788739254454,,,,,,,,,,,,,,,,,,,,,,
392,299.07427392705944,,,,,,,,,,,,,,,,,,,,,,
393,298.1243611345728,,,,,,,,,,,,,,,,,,,,,,
394,297.3836633854001,,,,,,,,,,,,,,,,,,,,,,
395,297.35086083446845,,,,,,,,,,,,,,,,,,,,,,
396,297.54449757391154,,,,,,,,,,,,,,,,,,,,,,
397,298.3584267633152,,,,,,,,,,,,,,,,,,,,,,
398,297.77883371111767,,,,,,,,,,,,,,,,,,,,,,
399,297.7665962465807,,,,,,,,,,,,,,,,,,,,,,
400,298.7684210693639,,,,,,,,,,,,,,,,,,,,,,
401,299.00894785784993,,,,,,,,,,,,,,,,,,,,,,
402,298.39986634053616,,,,,,,,,,,,,,,,,,,,,,
403,298.10562419953936,,,,,,,,,,,,,,,,,,,,,,
404,297.4310424422645,,,,,,,,,,,,,,,,,,,,,,
405,297.573571398969,,,,,,,,,,,,,,,,,,,,,,
406,297.7393858781979,,,,,,,,,,,,,,,,,,,,,,
407,297.7797632887837,,,,,,,,,,,,,,,,,,,,,,
408,297.9161877688129,,,,,,,,,,,,,,,,,,,,,,
409,299.38148789766916,,,,,,,,,,,,,,,,,,,,,,
410,299.14087728146507,,,,,,,,,,,,,,,,,,,,,,
411,298.8657999619442,,,,,,,,,,,,,,,,,,,,,,
412,297.2980424156115,,,,,,,,,,,,,,,,,,,,,,
413,298.3476448986241,,,,,,,,,,,,,,,,,,,,,,
414,298.2336573768582,,,,,,,,,,,,,,,,,,,,,,
415,299.1383357560928,,,,,,,,,,,,,,,,,,,,,,
416,299.340934258676,,,,,,,,,,,,,,,,,,,,,,
417,298.0580279205345,,,,,,,,,,,,,,,,,,,,,,
418,297.2405855911571,,,,,,,,,,,,,,,,,,,,,,
419,297.62926415186286,,,,,,,,,,,,,,,,,,,,,,
420,298.4334726725428,,,,,,,,,,,,,,,,,,,,,,
421,298.2996662983019,,,,,,,,,,,,,,,,,,,,,,
422,297.54181792427147,,,,,,,,,,,,,,,,,,,,,,
423,297.7478554461209,,,,,,,,,,,,,,,,,,,,,,
424,298.54922413512435,,,,,,,,,,,,,,,,,,,,,,
425,299.63201975158,,,,,,,,,,,,,,,,,,,,,,
426,298.29059037747055,,,,,,,,,,,,,,,,,,,,,,
427,297.6142056261863,,,,,,,,,,,,,,,,,,,,,,
428,298.0793311667837,,,,,,,,,,,,,,,,,,,,,,
429,297.52080634990085,,,,,,,,,,,,,,,,,,,,,,
430,298.2322014781086,,,,,,,,,,,,,,,,,,,,,,
431,298.5149395222101,,,,,,,,,,,,,,,,,,,,,,
432,297.98913458780174,,,,,,,,,,,,,,,,,,,,,,
433,297.8204702071069,,,,,,,,,,,,,,,,,,,,,,
434,298.212080367856,,,,,,,,,,,,,,,,,,,,,,
435,298.3765708149675,,,,,,,,,,,,,,,,,,,,,,
436,299.38947611361834,,,,,,,,,,,,,,,,,,,,,,
437,300.7772216083574,,,,,,,,,,,,,,,,,,,,,,
438,296.6644773096695,,,,,,,,,,,,,,,,,,,,,,
439,297.11204059917753,,,,,,,,,,,,,,,,,,,,,,
440,297.7223085223562,,,,,,,,,,,,,,,,,,,,,,
441,297.77458841715884,,,,,,,,,,,,,,,,,,,,,,
442,297.7828256839968,,,,,,,,,,,,,,,,,,,,,,
443,298.60663885342836,,,,,,,,,,,,,,,,,,,,,,
444,299.12278540136833,,,,,,,,,,,,,,,,,,,,,,
445,298.1041223492507,,,,,,,,,,,,,,,,,,,,,,
446,299.1263890489809,,,,,,,,,,,,,,,,,,,,,,
447,298.1848527456184,,,,,,,,,,,,,,,,,,,,,,
448,297.69749738993,,,,,,,,,,,,,,,,,,,,,,
449,298.05842443958113,,,,,,,,,,,,,,,,,,,,,,
450,298.74858230426474,,,,,,,,,,,,,,,,,,,,,,
451,297.3845767642069,,,,,,,,,,,,,,,,,,,,,,
452,298.02230353219534,,,,,,,,,,,,,,,,,,,,,,
453,298.383188532861,,,,,,,,,,,,,,,,,,,,,,
454,298.1973906450669,,,,,,,,,,,,,,,,,,,,,,
455,298.42965667835955,,,,,,,,,,,,,,,,,,,,,,
456,298.84095581280195,,,,,,,,,,,,,,,,,,,,,,
457,298.2768464443637,,,,,,,,,,,,,,,,,,,,,,
458,298.4421633526362,,,,,,,,,,,,,,,,,,,,,,
459,298.11765410350836,,,,,,,,,,,,,,,,,,,,,,
460,297.6881617738725,,,,,,,,,,,,,,,,,,,,,,
461,298.1910853622957,,,,,,,,,,,,,,,,,,,,,,
462,299.09530618660483,,,,,,,,,,,,,,,,,,,,,,
463,302.0945897220101,,,,,,,,,,,,,,,,,,,,,,
464,297.0079269784769,,,,,,,,,,,,,,,,,,,,,,
465,297.1289100133028,,,,,,,,,,,,,,,,,,,,,,
466,297.244205085238,,,,,,,,,,,,,,,,,,,,,,
467,297.74519595566704,,,,,,,,,,,,,,,,,,,,,,
468,298.5984227314405,,,,,,,,,,,,,,,,,,,,,,
469,299.54995298449853,,,,,,,,,,,,,,,,,,,,,,
470,298.5753615939375,,,,,,,,,,,,,,,,,,,,,,
471,299.25118816731884,,,,,,,,,,,,,,,,,,,,,,
472,297.9345754558303,,,,,,,,,,,,,,,,,,,,,,
473,297.3905346838965,,,,,,,,,,,,,,,,,,,,,,
474,299.0150290375033,,,,,,,,,,,,,,,,,,,,,,
475,298.4835132886454,,,,,,,,,,,,,,,,,,,,,,
476,296.98316148411226,,,,,,,,,,,,,,,,,,,,,,
477,298.21687604232534,,,,,,,,,,,,,,,,,,,,,,
478,299.44213689537787,,,,,,,,,,,,,,,,,,,,,,
479,299.3266952037433,,,,,,,,,,,,,,,,,,,,,,
480,296.6056125826928,,,,,,,,,,,,,,,,,,,,,,
481,298.30341262946337,,,,,,,,,,,,,,,,,,,,,,
482,297.8924113194971,,,,,,,,,,,,,,,,,,,,,,
483,297.52622931020557,,,,,,,,,,,,,,,,,,,,,,
484,297.9549331647429,,,,,,,,,,,,,,,,,,,,,,
485,299.3199016509641,,,,,,,,,,,,,,,,,,,,,,
486,299.8048605950056,,,,,,,,,,,,,,,,,,,,,,
487,297.9220054062517,,,,,,,,,,,,,,,,,,,,,,
488,297.5427395808069,,,,,,,,,,,,,,,,,,,,,,
489,297.7966770851377,,,,,,,,,,,,,,,,,,,,,,
490,298.07642985665325,,,,,,,,,,,,,,,,,,,,,,
491,298.41713666738366,,,,,,,,,,,,,,,,,,,,,,
492,298.00213892865935,,,,,,,,,,,,,,,,,,,,,,
493,298.81976316806566,,,,,,,,,,,,,,,,,,,,,,
494,297.59406128719417,,,,,,,,,,,,,,,,,,,,,,
495,296.974314434052,,,,,,,,,,,,,,,,,,,,,,
496,297.9335394948849,,,,,,,,,,,,,,,,,,,,,,
497,298.6885177223448,,,,,,,,,,,,,,,,,,,,,,
498,297.96383833222745,,,,,,,,,,,,,,,,,,,,,,
499,297.48617190108956,,,,,,,,,,,,,,,,,,,,,,
500,298.25461028912855,,,,,,,,,,,,,,,,,,,,,,
501,299.7438156913447,,,,,,,,,,,,,,,,,,,,,,
502,299.51496350398014,,,,,,,,,,,,,,,,,,,,,,
503,297.9769010952503,,,,,,,,,,,,,,,,,,,,,,
504,296.90885402112457,,,,,,,,,,,,,,,,,,,,,,
505,298.0024814014862,,,,,,,,,,,,,,,,,,,,,,
506,298.0590671218818,,,,,,,,,,,,,,,,,,,,,,
507,298.1718835650277,,,,,,,,,,,,,,,,,,,,,,
508,299.29169551558556,,,,,,,,,,,,,,,,,,,,,,
509,298.43216719665,,,,,,,,,,,,,,,,,,,,,,
510,298.2107698896839,,,,,,,,,,,,,,,,,,,,,,
511,297.66954668007094,,,,,,,,,,,,,,,,,,,,,,
512,298.151986582446,,,,,,,,,,,,,,,,,,,,,,
513,298.23660653316836,,,,,,,,,,,,,,,,,,,,,,
514,298.6208807660178,,,,,,,,,,,,,,,,,,,,,,
515,298.6908250203153,,,,,,,,,,,,,,,,,,,,,,
516,297.65369687563066,,,,,,,,,,,,,,,,,,,,,,
517,297.6295889774906,,,,,,,,,,,,,,,,,,,,,,
518,297.9779789943081,,,,,,,,,,,,,,,,,,,,,,
519,298.81226051325956,,,,,,,,,,,,,,,,,,,,,,
520,298.4803677423789,,,,,,,,,,,,,,,,,,,,,,
521,298.15865526889206,,,,,,,,,,,,,,,,,,,,,,
522,297.196996324022,,,,,,,,,,,,,,,,,,,,,,
523,297.86443020587404,,,,,,,,,,,,,,,,,,,,,,
524,298.5273342938323,,,,,,,,,,,,,,,,,,,,,,
525,299.0867146571177,,,,,,,,,,,,,,,,,,,,,,
526,298.10732284239316,,,,,,,,,,,,,,,,,,,,,,
527,297.71357785392667,,,,,,,,,,,,,,,,,,,,,,
528,297.8196324417395,,,,,,,,,,,,,,,,,,,,,,
529,298.3345200071908,,,,,,,,,,,,,,,,,,,,,,
530,297.98676661587933,,,,,,,,,,,,,,,,,,,,,,
531,297.76004772292305,,,,,,,,,,,,,,,,,,,,,,
532,297.8178554482372,,,,,,,,,,,,,,,,,,,,,,
533,298.9480926134311,,,,,,,,,,,,,,,,,,,,,,
534,298.0998957799938,,,,,,,,,,,,,,,,,,,,,,
535,298.740076700062,,,,,,,,,,,,,,,,,,,,,,
536,298.5341295680692,,,,,,,,,,,,,,,,,,,,,,
537,297.8953241692222,,,,,,,,,,,,,,,,,,,,,,
538,298.4063027875543,,,,,,,,,,,,,,,,,,,,,,
539,298.977252766698,,,,,,,,,,,,,,,,,,,,,,
540,298.19329695700463,,,,,,,,,,,,,,,,,,,,,,
541,297.72838546081533,,,,,,,,,,,,,,,,,,,,,,
542,297.5759321709,,,,,,,,,,,,,,,,,,,,,,
543,298.9823223369834,,,,,,,,,,,,,,,,,,,,,,
544,299.7993912290506,,,,,,,,,,,,,,,,,,,,,,
545,298.40939130289007,,,,,,,,,,,,,,,,,,,,,,
546,297.34669743836207,,,,,,,,,,,,,,,,,,,,,,
547,298.51601148616675,,,,,,,,,,,,,,,,,,,,,,
548,299.6036317081853,,,,,,,,,,,,,,,,,,,,,,
549,301.0940234034735,,,,,,,,,,,,,,,,,,,,,,
550,297.8097905270999,,,,,,,,,,,,,,,,,,,,,,
551,297.0517938083843,,,,,,,,,,,,,,,,,,,,,,
552,298.20184627430336,,,,,,,,,,,,,,,,,,,,,,
553,297.32500873624514,,,,,,,,,,,,,,,,,,,,,,
554,298.2822214739239,,,,,,,,,,,,,,,,,,,,,,
555,298.38987863000074,,,,,,,,,,,,,,,,,,,,,,
556,297.7252129763175,,,,,,,,,,,,,,,,,,,,,,
557,299.1280195706306,,,,,,,,,,,,,,,,,,,,,,
558,301.02582769635615,,,,,,,,,,,,,,,,,,,,,,
559,298.0269071857386,,,,,,,,,,,,,,,,,,,,,,
560,297.46840985331363,,,,,,,,,,,,,,,,,,,,,,
561,298.0311575245268,,,,,,,,,,,,,,,,,,,,,,
562,298.7988687050669,,,,,,,,,,,,,,,,,,,,,,
563,298.6796898121347,,,,,,,,,,,,,,,,,,,,,,
564,297.8091153676309,,,,,,,,,,,,,,,,,,,,,,
565,297.95211438588814,,,,,,,,,,,,,,,,,,,,,,
566,297.15715509913724,,,,,,,,,,,,,,,,,,,,,,
567,298.22358336406836,,,,,,,,,,,,,,,,,,,,,,
568,298.37612276769136,,,,,,,,,,,,,,,,,,,,,,
569,297.9089992572802,,,,,,,,,,,,,,,,,,,,,,
570,297.9951905969768,,,,,,,,,,,,,,,,,,,,,,
571,298.05978814410366,,,,,,,,,,,,,,,,,,,,,,
572,297.834618913284,,,,,,,,,,,,,,,,,,,,,,
573,298.84648279911136,,,,,,,,,,,,,,,,,,,,,,
574,298.0559337019511,,,,,,,,,,,,,,,,,,,,,,
575,298.1003733095425,,,,,,,,,,,,,,,,,,,,,,
576,299.45849514153014,,,,,,,,,,,,,,,,,,,,,,
577,299.8869587386517,,,,,,,,,,,,,,,,,,,,,,
578,297.72127740036075,,,,,,,,,,,,,,,,,,,,,,
579,298.43195987059374,,,,,,,,,,,,,,,,,,,,,,
580,298.25596668255895,,,,,,,,,,,,,,,,,,,,,,
581,298.99141382786803,,,,,,,,,,,,,,,,,,,,,,
582,297.666146676275,,,,,,,,,,,,,,,,,,,,,,
583,297.705191370537,,,,,,,,,,,,,,,,,,,,,,
584,298.0236732486209,,,,,,,,,,,,,,,,,,,,,,
585,298.0075848570361,,,,,,,,,,,,,,,,,,,,,,
586,298.30107352392974,,,,,,,,,,,,,,,,,,,,,,
587,299.44827285676536,,,,,,,,,,,,,,,,,,,,,,
588,301.34544595941514,,,,,,,,,,,,,,,,,,,,,,
589,296.9219611377234,,,,,,,,,,,,,,,,,,,,,,
590,297.1015164912369,,,,,,,,,,,,,,,,,,,,,,
591,298.0241389826756,,,,,,,,,,,,,,,,,,,,,,
592,297.8522012082695,,,,,,,,,,,,,,,,,,,,,,
593,298.64476934691135,,,,,,,,,,,,,,,,,,,,,,
594,299.7799832242443,,,,,,,,,,,,,,,,,,,,,,
595,298.14050468858323,,,,,,,,,,,,,,,,,,,,,,
596,296.9613926153199,,,,,,,,,,,,,,,,,,,,,,
597,297.84520963404356,,,,,,,,,,,,,,,,,,,,,,
598,298.14159345779166,,,,,,,,,,,,,,,,,,,,,,
599,298.8206470744756,,,,,,,,,,,,,,,,,,,,,,
600,297.80605302619404,,,,,,,,,,,,,,,,,,,,,,
601,298.25863285362607,,,,,,,,,,,,,,,,,,,,,,
602,298.7076351711375,,,,,,,,,,,,,,,,,,,,,,
603,299.19350104806404,,,,,,,,,,,,,,,,,,,,,,
604,298.3389750797983,,,,,,,,,,,,,,,,,,,,,,
605,298.2083625724861,,,,,,,,,,,,,,,,,,,,,,
606,298.4599543239893,,,,,,,,,,,,,,,,,,,,,,
607,297.6633643468376,,,,,,,,,,,,,,,,,,,,,,
608,298.2835250481537,,,,,,,,,,,,,,,,,,,,,,
609,298.1829752371409,,,,,,,,,,,,,,,,,,,,,,
610,298.29341802135053,,,,,,,,,,,,,,,,,,,,,,
611,298.1001254054558,,,,,,,,,,,,,,,,,,,,,,
612,299.15088928764516,,,,,,,,,,,,,,,,,,,,,,
613,298.71284667715713,,,,,,,,,,,,,,,,,,,,,,
614,298.3093142783238,,,,,,,,,,,,,,,,,,,,,,
615,298.0349389364746,,,,,,,,,,,,,,,,,,,,,,
616,297.65045263319695,,,,,,,,,,,,,,,,,,,,,,
617,298.09796865424227,,,,,,,,,,,,,,,,,,,,,,
618,298.2833812699194,,,,,,,,,,,,,,,,,,,,,,
619,298.17017874211547,,,,,,,,,,,,,,,,,,,,,,
620,298.06478222875785,,,,,,,,,,,,,,,,,,,,,,
621,298.1477789500846,,,,,,,,,,,,,,,,,,,,,,
622,298.921756387053,,,,,,,,,,,,,,,,,,,,,,
623,298.08887001425387,,,,,,,,,,,,,,,,,,,,,,
624,298.1523320371368,,,,,,,,,,,,,,,,,,,,,,
625,299.0217629719308,,,,,,,,,,,,,,,,,,,,,,
626,298.93073522774716,,,,,,,,,,,,,,,,,,,,,,
627,298.2426218345415,,,,,,,,,,,,,,,,,,,,,,
628,297.4866078426483,,,,,,,,,,,,,,,,,,,,,,
629,297.58951547660496,,,,,,,,,,,,,,,,,,,,,,
630,298.38375453748245,,,,,,,,,,,,,,,,,,,,,,
631,299.6289883444267,,,,,,,,,,,,,,,,,,,,,,
632,298.9547154846005,,,,,,,,,,,,,,,,,,,,,,
633,297.3934072703018,,,,,,,,,,,,,,,,,,,,,,
634,297.72682673385793,,,,,,,,,,,,,,,,,,,,,,
635,298.477236456246,,,,,,,,,,,,,,,,,,,,,,
636,298.47498695391295,,,,,,,,,,,,,,,,,,,,,,
637,298.4271007967338,,,,,,,,,,,,,,,,,,,,,,
638,298.59201967840704,,,,,,,,,,,,,,,,,,,,,,
639,299.18103739004647,,,,,,,,,,,,,,,,,,,,,,
640,297.56174280357556,,,,,,,,,,,,,,,,,,,,,,
641,297.4277481671908,,,,,,,,,,,,,,,,,,,,,,
642,298.6713401433007,,,,,,,,,,,,,,,,,,,,,,
643,299.0170656372241,,,,,,,,,,,,,,,,,,,,,,
644,297.9700246073275,,,,,,,,,,,,,,,,,,,,,,
645,298.37982655808713,,,,,,,,,,,,,,,,,,,,,,
646,298.6285084945994,,,,,,,,,,,,,,,,,,,,,,
647,300.22661128194005,,,,,,,,,,,,,,,,,,,,,,
648,299.51078578145916,,,,,,,,,,,,,,,,,,,,,,
649,298.8443758045518,,,,,,,,,,,,,,,,,,,,,,
650,299.23259486004423,,,,,,,,,,,,,,,,,,,,,,
651,297.49615921679435,,,,,,,,,,,,,,,,,,,,,,
652,297.13133745367423,,,,,,,,,,,,,,,,,,,,,,
653,297.614302517286,,,,,,,,,,,,,,,,,,,,,,
654,297.7427149876078,,,,,,,,,,,,,,,,,,,,,,
655,298.06219270274204,,,,,,,,,,,,,,,,,,,,,,
656,299.14492304931076,,,,,,,,,,,,,,,,,,,,,,
657,299.28017017339647,,,,,,,,,,,,,,,,,,,,,,
658,297.8939518546528,,,,,,,,,,,,,,,,,,,,,,
659,298.680104247961,,,,,,,,,,,,,,,,,,,,,,
660,299.96824121321487,,,,,,,,,,,,,,,,,,,,,,
661,297.38779957297214,,,,,,,,,,,,,,,,,,,,,,
662,297.6494819627136,,,,,,,,,,,,,,,,,,,,,,
663,297.6058670028463,,,,,,,,,,,,,,,,,,,,,,
664,297.7727626791554,,,,,,,,,,,,,,,,,,,,,,
665,298.3311266526826,,,,,,,,,,,,,,,,,,,,,,
666,300.47136693360943,,,,,,,,,,,,,,,,,,,,,,
667,301.1918243120728,,,,,,,,,,,,,,,,,,,,,,
668,297.4159433630799,,,,,,,,,,,,,,,,,,,,,,
669,297.30059878752655,,,,,,,,,,,,,,,,,,,,,,
670,296.894269053248,,,,,,,,,,,,,,,,,,,,,,
671,298.04693319839197,,,,,,,,,,,,,,,,,,,,,,
672,299.08897702744224,,,,,,,,,,,,,,,,,,,,,,
673,300.152247031286,,,,,,,,,,,,,,,,,,,,,,
674,300.7682112833627,,,,,,,,,,,,,,,,,,,,,,
675,297.2807996068055,,,,,,,,,,,,,,,,,,,,,,
676,297.4485995723237,,,,,,,,,,,,,,,,,,,,,,
677,297.5293520087185,,,,,,,,,,,,,,,,,,,,,,
678,297.85720429514316,,,,,,,,,,,,,,,,,,,,,,
679,298.5194480332164,,,,,,,,,,,,,,,,,,,,,,
680,299.0874014760833,,,,,,,,,,,,,,,,,,,,,,
681,301.3464266214987,,,,,,,,,,,,,,,,,,,,,,
682,300.542474091584,,,,,,,,,,,,,,,,,,,,,,
683,296.5005017815434,,,,,,,,,,,,,,,,,,,,,,
684,297.75527232165024,,,,,,,,,,,,,,,,,,,,,,
685,297.74207900138646,,,,,,,,,,,,,,,,,,,,,,
686,298.58806332022044,,,,,,,,,,,,,,,,,,,,,,
687,299.91913790584067,,,,,,,,,,,,,,,,,,,,,,
688,300.20429775840944,,,,,,,,,,,,,,,,,,,,,,
689,298.0613163883309,,,,,,,,,,,,,,,,,,,,,,
690,297.6121154592616,,,,,,,,,,,,,,,,,,,,,,
691,298.7740445751197,,,,,,,,,,,,,,,,,,,,,,
692,299.96369538891645,,,,,,,,,,,,,,,,,,,,,,
693,299.99602796167005,,,,,,,,,,,,,,,,,,,,,,
694,296.9118493639808,,,,,,,,,,,,,,,,,,,,,,
695,297.3132631949663,,,,,,,,,,,,,,,,,,,,,,
696,298.5909154527247,,,,,,,,,,,,,,,,,,,,,,
697,298.3128421015076,,,,,,,,,,,,,,,,,,,,,,
698,298.2316958879282,,,,,,,,,,,,,,,,,,,,,,
699,297.3852202593874,,,,,,,,,,,,,,,,,,,,,,
700,298.27959770514957,,,,,,,,,,,,,,,,,,,,,,
701,297.8877742591305,,,,,,,,,,,,,,,,,,,,,,
702,298.313383855166,,,,,,,,,,,,,,,,,,,,,,
703,298.2965493537582,,,,,,,,,,,,,,,,,,,,,,
704,299.17913042301456,,,,,,,,,,,,,,,,,,,,,,
705,297.81180876274124,,,,,,,,,,,,,,,,,,,,,,
706,297.65276426471274,,,,,,,,,,,,,,,,,,,,,,
707,297.8856373831639,,,,,,,,,,,,,,,,,,,,,,
708,298.29830799042946,,,,,,,,,,,,,,,,,,,,,,
709,298.1881744669964,,,,,,,,,,,,,,,,,,,,,,
710,297.52636645049637,,,,,,,,,,,,,,,,,,,,,,
711,298.5436722006546,,,,,,,,,,,,,,,,,,,,,,
712,300.84904565196865,,,,,,,,,,,,,,,,,,,,,,
713,299.4109232721153,,,,,,,,,,,,,,,,,,,,,,
714,297.48164648691613,,,,,,,,,,,,,,,,,,,,,,
715,298.6395769998824,,,,,,,,,,,,,,,,,,,,,,
716,299.25294363802493,,,,,,,,,,,,,,,,,,,,,,
717,299.1362206336241,,,,,,,,,,,,,,,,,,,,,,
718,301.74995476288086,,,,,,,,,,,,,,,,,,,,,,
719,297.4894948742562,,,,,,,,,,,,,,,,,,,,,,
720,296.9741841680374,,,,,,,,,,,,,,,,,,,,,,
721,297.33102105735577,,,,,,,,,,,,,,,,,,,,,,
722,298.1172888004749,,,,,,,,,,,,,,,,,,,,,,
723,298.1377172527015,,,,,,,,,,,,,,,,,,,,,,
724,297.88112176736473,,,,,,,,,,,,,,,,,,,,,,
725,299.042362870364,,,,,,,,,,,,,,,,,,,,,,
726,300.340117744712,,,,,,,,,,,,,,,,,,,,,,
727,299.85759400057674,,,,,,,,,,,,,,,,,,,,,,
728,297.6956528615339,,,,,,,,,,,,,,,,,,,,,,
729,297.56308383825,,,,,,,,,,,,,,,,,,,,,,
730,298.3526915258022,,,,,,,,,,,,,,,,,,,,,,
731,298.9441602197035,,,,,,,,,,,,,,,,,,,,,,
732,297.2941627052673,,,,,,,,,,,,,,,,,,,,,,
733,297.3824303277824,,,,,,,,,,,,,,,,,,,,,,
734,297.61208514168493,,,,,,,,,,,,,,,,,,,,,,
735,299.12605360929615,,,,,,,,,,,,,,,,,,,,,,
736,299.26964937629515,,,,,,,,,,,,,,,,,,,,,,
737,299.4004215972392,,,,,,,,,,,,,,,,,,,,,,
738,297.60693229638724,,,,,,,,,,,,,,,,,,,,,,
739,297.3966232664236,,,,,,,,,,,,,,,,,,,,,,
740,297.325689127747,,,,,,,,,,,,,,,,,,,,,,
741,298.32162572333027,,,,,,,,,,,,,,,,,,,,,,
742,297.9254531267605,,,,,,,,,,,,,,,,,,,,,,
743,298.1909396526452,,,,,,,,,,,,,,,,,,,,,,
744,298.6270554370701,,,,,,,,,,,,,,,,,,,,,,
745,299.7402923477234,,,,,,,,,,,,,,,,,,,,,,
746,298.0153116407745,,,,,,,,,,,,,,,,,,,,,,
747,298.4901745545272,,,,,,,,,,,,,,,,,,,,,,
748,298.4026294895686,,,,,,,,,,,,,,,,,,,,,,
749,297.48815840033234,,,,,,,,,,,,,,,,,,,,,,
750,297.4498290963529,,,,,,,,,,,,,,,,,,,,,,
751,297.9151678204765,,,,,,,,,,,,,,,,,,,,,,
752,298.5475387839768,,,,,,,,,,,,,,,,,,,,,,
753,299.96635032534175,,,,,,,,,,,,,,,,,,,,,,
754,298.40480765414276,,,,,,,,,,,,,,,,,,,,,,
755,297.2341224630124,,,,,,,,,,,,,,,,,,,,,,
756,298.5655683432303,,,,,,,,,,,,,,,,,,,,,,
757,300.3241144290856,,,,,,,,,,,,,,,,,,,,,,
758,301.92204846502227,,,,,,,,,,,,,,,,,,,,,,
759,296.81853906862676,,,,,,,,,,,,,,,,,,,,,,
760,297.0853246233169,,,,,,,,,,,,,,,,,,,,,,
761,298.4838381553155,,,,,,,,,,,,,,,,,,,,,,
762,300.0151891988504,,,,,,,,,,,,,,,,,,,,,,
763,300.33026551133077,,,,,,,,,,,,,,,,,,,,,,
764,297.2102087685849,,,,,,,,,,,,,,,,,,,,,,
765,298.2289072717765,,,,,,,,,,,,,,,,,,,,,,
766,298.1118963486181,,,,,,,,,,,,,,,,,,,,,,
767,298.222391421777,,,,,,,,,,,,,,,,,,,,,,
768,297.9095987558948,,,,,,,,,,,,,,,,,,,,,,
769,298.2948040621746,,,,,,,,,,,,,,,,,,,,,,
770,299.4696691514546,,,,,,,,,,,,,,,,,,,,,,
771,299.4491173302208,,,,,,,,,,,,,,,,,,,,,,
772,297.74688092495944,,,,,,,,,,,,,,,,,,,,,,
773,297.33908018188146,,,,,,,,,,,,,,,,,,,,,,
774,298.75129109433675,,,,,,,,,,,,,,,,,,,,,,
775,301.2236307280371,,,,,,,,,,,,,,,,,,,,,,
776,301.4547472730242,,,,,,,,,,,,,,,,,,,,,,
777,296.6332671944979,,,,,,,,,,,,,,,,,,,,,,
778,297.2436741667729,,,,,,,,,,,,,,,,,,,,,,
779,297.8825226788587,,,,,,,,,,,,,,,,,,,,,,
780,298.4224967390866,,,,,,,,,,,,,,,,,,,,,,
781,298.73379132276585,,,,,,,,,,,,,,,,,,,,,,
782,298.2902937467957,,,,,,,,,,,,,,,,,,,,,,
783,297.71659944313046,,,,,,,,,,,,,,,,,,,,,,
784,298.4008687910255,,,,,,,,,,,,,,,,,,,,,,
785,297.9045862959943,,,,,,,,,,,,,,,,,,,,,,
786,297.8024248013933,,,,,,,,,,,,,,,,,,,,,,
787,298.1207709122241,,,,,,,,,,,,,,,,,,,,,,
788,297.76314350851527,,,,,,,,,,,,,,,,,,,,,,
789,297.9087322639966,,,,,,,,,,,,,,,,,,,,,,
790,298.5527530920951,,,,,,,,,,,,,,,,,,,,,,
791,297.9545929655156,,,,,,,,,,,,,,,,,,,,,,
792,298.6912855097259,,,,,,,,,,,,,,,,,,,,,,
793,299.1517410369134,,,,,,,,,,,,,,,,,,,,,,
794,298.9977437900418,,,,,,,,,,,,,,,,,,,,,,
795,298.13715840908355,,,,,,,,,,,,,,,,,,,,,,
796,297.8939657205132,,,,,,,,,,,,,,,,,,,,,,
797,298.2614469617569,,,,,,,,,,,,,,,,,,,,,,
798,299.9812960621063,,,,,,,,,,,,,,,,,,,,,,
799,298.267948660344,,,,,,,,,,,,,,,,,,,,,,
