Experiment,piControl,historical,historical,historical,historical,historical,historical,historical,historical,historical,ssp126,ssp126,ssp126,ssp126,ssp126,ssp245,ssp245,ssp245,ssp245,ssp245,ssp370,ssp370,ssp370,ssp370,ssp370,ssp585,ssp585,ssp585,ssp585,ssp585
Member,r1i1p1f2,r1i1p1f2,r2i1p1f2,r3i1p1f2,r4i1p1f2,r5i1p1f3,r6i1p1f3,r7i1p1f3,r8i1p1f2,r9i1p1f2,r1i1p1f2,r2i1p1f2,r3i1p1f2,r4i1p1f2,r8i1p1f2,r1i1p1f2,r2i1p1f2,r3i1p1f2,r4i1p1f2,r8i1p1f2,r1i1p1f2,r2i1p1f2,r3i1p1f2,r4i1p1f2,r8i1p1f2,r1i1p1f2,r2i1p1f2,r3i1p1f2,r4i1p1f2,r8i1p1f2
0,,,,,,,,,,,299.149253603149,299.76072360250214,299.06130446501703,300.3807623735867,298.82624314795754,299.12627029196443,299.79475882801574,298.9187484900872,300.42405936506174,298.8100679902137,299.0707941873047,299.80859335416693,298.94365290884497,300.30677707474405,298.76660918914894,299.0980863222594,299.8119121081014,299.1440105858897,300.4100674411547,298.89940956381747
1,298.0650978390452,298.66068067089054,296.38982777801374,299.1486464956072,296.9045686861424,299.31803182688833,298.78753844238105,298.68039894954563,297.40819372997055,298.81899984387957,300.7159805986972,299.5264045783137,298.55406729759653,300.60384140504175,300.71075941815394,301.8890958409101,298.57966315210575,299.07324177935226,301.135776966549,300.5611027134367,300.29898566043465,299.0001030283695,300.47356267817577,298.69962000936243,301.0340879434268,301.33584496997446,297.8619118431227,298.6555751270021,299.6691457794693,300.68174639689914
2,297.9499224468412,300.19730173885006,297.5356141708232,299.748696787977,299.0558518462686,299.6255333258112,298.05673244345786,299.19233531700735,297.79377810012994,300.58275252447214,299.0429401473369,299.4146792629083,298.8790475035555,298.9071535357244,301.0828380246725,298.38983838936275,298.3708619496078,299.315975243042,299.3933361292164,298.450401906654,299.10468823968995,301.02202140678963,298.97916054183037,301.8605712322499,300.53852244694855,298.1499502845643,300.13243521534537,298.4796018978375,300.7791942225303,298.77846007622554
3,300.0246126053758,299.3684858305306,299.0907047773311,300.1910210506918,301.3784297710901,297.52641285974426,299.3884329204986,299.36863957881627,300.10553310081303,298.56995687003604,299.47359573919954,300.97700980508085,299.6043425427558,299.91885554952773,298.89475122356106,299.3550587694956,301.20015160132533,300.8916005759478,299.5818582779602,299.5113812574429,301.0179441501951,298.8601937062908,300.1220115196427,299.68191065508137,298.0211044630876,299.6893076693184,300.0174098079286,299.73448610210284,299.45178736340716,298.87666400583674
4,298.37704790392655,299.7020314797243,301.2658351855807,298.43383873249473,299.5917665553399,299.29246679032144,298.3692179728319,300.2676126304483,298.27117932219824,297.230543093878,301.079102666156,299.9062716779938,301.22490974316315,300.7133471198801,300.4372393257718,300.008260827421,300.94229732625143,300.8483124079974,299.5660715693403,300.2595225654953,300.3408235800057,298.8852733407576,300.69520109541116,299.23377995713594,299.9138289731993,301.0351874064642,299.33562214705347,299.58478021860986,300.9525935362422,299.6741583200198
5,299.0906028586173,297.032936431671,296.9439821470333,298.2474566621195,298.09516335710174,298.5913666333916,297.19533796554316,298.75625608154377,297.8413256149397,296.8054131812855,299.5293679522943,299.83735184941787,299.6880555408718,301.22970216829225,300.97980727282714,301.5892201254498,298.5631514357795,300.6247793658886,300.62092720746097,299.2863503375452,300.1800117362627,301.2676382831708,300.40608706955885,300.70676878733894,302.165384796572,300.51029298395287,302.0163054152369,299.28598336296676,300.6485969164724,299.81513915445413
6,299.51007549065235,299.60927670061557,298.4065892549873,299.21563944585813,298.10941408196203,300.6374483947277,298.6398537331601,298.37150629591105,298.58860271976306,299.35565417357924,299.7741640253509,299.332628179443,299.5827688085826,299.03131278207644,299.46735295224204,297.5873767753613,299.4980152011984,299.5405941518679,298.94460999686385,299.133125210375,299.27028287511786,298.6101195308992,299.2526818095525,300.6780824114516,297.6971788933327,300.1330543660849,299.0716516613423,298.6101498498557,298.8696933076217,300.6268723298437
7,298.7665067159985,299.8806423939582,299.0870037145839,300.2470139527478,298.17258992771434,298.86925949342725,299.0558022400518,297.8833168006933,297.7740142059377,298.768996953037,301.3194370670796,299.19140523062856,301.1907278607768,299.4005528638849,298.2713175872298,299.50543211791984,298.69973113388784,301.90736251468826,300.0184785026203,301.5489168133113,298.4122837936521,297.86237449925017,299.6750161992927,298.29831140648906,299.930885217961,301.06406966870685,298.86044877717393,299.65627263061737,299.84290272583166,299.7767266989086
8,298.4370943797493,298.341422048244,299.17408914537754,299.6581853083923,300.0343614858504,297.3363843128711,298.1160080759545,297.9900109305609,298.4644618694627,299.2015039853415,299.4087966361196,301.94285094286647,298.2537378810936,300.19278167985425,298.76590547362713,301.8713053728396,299.1973052173123,299.2074585573245,300.4608572943478,301.27032370986575,299.3246967370837,299.9178465691348,298.5742337941578,299.859170989039,299.9024511411704,299.7586929602471,299.16512804574364,299.3247854623383,299.9434517459195,299.325974359202
9,298.55525965918315,299.81133944262103,298.5978211760283,297.99752761099404,301.213296357332,299.1285994437759,298.2037276595208,299.7395564570361,301.59078136444555,299.4492654667212,300.41468174714686,300.7655100208294,301.8817245043419,300.9722288832932,301.758133206923,299.82403408104074,301.69685260065324,298.4184868253931,300.0752744240347,298.9720222202373,299.7840604630601,299.66336869133096,300.6353925259182,302.1777499313179,299.7409850781514,298.8010513966281,299.1052419765083,300.33533509377656,298.6807566753731,298.3817429689748
10,297.9372376735311,297.0042165674514,301.1246501785744,301.5091198660828,298.910496662571,299.7345507048328,298.40059905096086,299.0123736290548,299.43343063669,299.76827871077586,299.47338905271135,299.9941286067387,299.6319550880774,300.46556102208007,301.0736160505874,299.3039262160327,299.9214811592136,300.7216617739484,300.8922884300147,300.48271949278796,302.7038874488514,302.7609615013402,301.10386520633284,299.9539288952267,301.9943401061228,299.2954128254825,299.6818464561241,301.9998805300842,298.5531104625244,300.14261853115977
11,299.04431456306753,299.35952077677246,298.1217251654003,298.3352371992159,297.1131136836774,297.72910031728037,298.6681844641385,297.7246123131899,297.7956736660332,297.28052950242244,299.86466690810715,298.7347748856004,299.82223548323947,300.1640537177666,301.1109675779001,299.9276504580883,298.918049969269,302.6561891374211,301.1151966419363,300.4295763756354,299.7874710332153,299.41509913900774,299.5198755909385,299.39497267251744,301.00724347447414,299.0193800451557,300.6918866030425,298.6450873205604,300.3575016427492,300.7721361391075
12,299.20601920567105,299.6306464218944,296.8496321397378,297.49128791174684,298.08473221882565,298.4156053073435,299.54762840350025,299.120146386768,298.2312767592692,299.612441553837,300.5717850211673,299.2091295221343,302.2148169762756,300.8922453018068,298.10489175014123,298.97630298716575,300.1717974798258,299.95264650138233,299.2093956284064,300.68250648434497,300.57099726890084,300.1006035662904,299.3083344888988,299.9370436810059,299.96904821032007,302.05275884879,299.8307669345,299.81793807061376,300.83349627245474,299.51076746666774
13,299.4907873550967,299.0382925790006,298.9874571811152,298.1871057995442,299.76955535265125,298.8848416624394,299.6874072196106,300.1062720145612,298.7063405384795,299.52918413890126,302.53755725874703,302.8121526027017,300.04505464617137,298.43616893857165,299.7205114171388,300.8325409483853,299.7717487448495,298.8621072550134,301.11094056421297,298.65761668720376,300.83066276203704,298.66938554061585,299.6958146620443,299.7448576062177,298.95329590017406,301.0474355806732,300.4564361630358,299.1933579098375,299.8608792011899,301.0313912207694
14,298.5986427515238,300.49818671434855,297.61798443014845,298.37423124831804,298.84055200553166,298.4125165953805,297.5919879888072,296.45647166826706,298.7803413398968,301.11501059568303,298.60849513601795,299.4917253802645,299.7757383037354,298.9083478223901,300.3861461079192,300.8132332944581,302.4460538461456,301.2742293332828,299.448823297027,299.75030455405357,299.0142491219876,300.38829194361915,300.43427587641065,302.2317543711914,300.958180854505,298.9365744346846,301.5377787782936,300.145219848213,300.218573835196,300.6520738834176
15,299.38757631303207,297.2183341483408,299.01818349787845,298.21802055673515,299.0074114797553,299.0692827491784,298.34547323591204,297.3963183863281,298.68289288631973,297.3133422120848,299.3459488202687,299.5587743071422,301.27338590371136,301.00219807923173,302.0902828883861,300.2420889713191,298.3554819751493,299.68990738765393,300.069001259953,301.8244346631853,299.1148923350118,300.8961162382939,302.5577076220954,298.76543490883927,301.1376075297535,299.5645341505676,299.30317320436774,300.60183075089316,300.10350504625444,302.79123876872706
16,299.09956912311276,297.265923843311,301.32922934070376,298.73973154381173,297.54756503598253,298.85661898787,299.7059588382188,298.68498711773253,297.9681044094666,297.22415655094375,300.2998249212967,302.6678918871275,298.0997642947148,302.5478971971922,299.9185816822311,302.4512746384078,298.7430449401299,299.9157359488975,299.0935165622563,302.2776511298423,301.732700046369,300.87585696513264,298.86776728060005,300.8276654820159,300.98836771488885,300.9664182528125,300.90827845937133,299.71600154144147,300.84758840214386,300.1033677630282
17,296.8142696217268,298.76378220764565,298.94009682895233,299.01979659444004,297.52453642545555,297.81791767580376,298.6010635955227,299.5323420840081,299.66884199432235,299.9233326710062,300.570917288177,297.9323414535572,299.7278168575571,298.68418715696004,301.32025616288666,301.60014051999013,300.7353181729905,302.37090350661015,301.22159241647364,299.0463217689301,301.8580207022556,299.8527269392241,299.26925437661566,303.0424183564027,298.73734680225243,299.0643060624244,302.2766170811928,300.4949116935441,299.7571282512003,299.72700159515
18,298.6025792367311,298.86513560294276,299.3564067795382,300.5314805315286,297.85293081197466,300.20389840967397,296.9525078143975,297.6302149150606,296.8057138844906,299.05911439669177,299.25565735805884,298.91544986829877,299.97406389228627,300.4613350560812,300.5416522376749,299.4699014655917,301.449378921897,300.20786873756293,301.22565413979925,301.5238090617542,298.1298188998122,299.67806669586446,302.21913785649394,298.67010508796244,298.6670830280746,301.36826150944324,299.1129633833855,300.43477259891307,300.16535039410377,301.3859056171937
19,300.3425820659336,297.81330906286183,297.47553493265667,297.8062437617934,298.1406184066355,298.5160422057599,298.31124721274995,298.72244452780427,298.67065178814374,297.0835002709586,302.3216037871254,300.2319508432506,302.8104572371706,301.3909300159384,299.14461089510587,300.1226077705091,301.4884921368398,299.29968907347825,298.97356341574306,300.86010197145873,301.1699409697653,301.4557556327902,299.9575419760776,298.6735177390749,299.2893815319,301.0364520564376,300.0209022075915,300.83689902564447,301.9998581901161,300.70455180557775
20,297.2163859291949,295.2324453806928,298.77821412622757,298.992350094726,299.9002189988012,297.60532634414744,298.9932401075795,299.8701724725874,301.1215757198895,299.73392730289555,299.60414333346785,301.7569255043113,298.2590745853056,299.91159366994464,300.11292569087965,299.3031834306543,300.34321207405293,301.34001439345997,300.21385278563514,299.66100065946176,300.9160672853835,302.312843430384,300.94830537210674,299.2726422705971,301.3522966160954,299.9713923122354,300.24270852282706,299.42869482209153,301.2727162924643,300.1091766122193
21,297.4617038865539,297.33521478349644,298.75611479385975,299.02844147611324,300.79683292063237,298.3358750630055,297.30088537682315,299.4954621721306,297.6707055338695,301.3919447468132,301.2536850504092,300.05116407950294,299.96411972751304,302.1059726304174,299.19607760333355,300.4947904777284,299.8353810204644,301.9656817582605,302.78524535384946,299.3553993692422,300.15547634189505,299.16241193071056,300.35298940925844,300.6868827606215,302.7996611343531,299.6254593134292,300.20209060595215,300.2902888803224,300.62085303908094,300.1361037822522
22,299.9444386269025,299.41077615381886,299.2796438121366,299.1422079715052,300.15085408172996,300.1185199785564,298.56979527989034,300.6137934410027,299.7273220218711,298.08007779483574,301.61552222874775,299.1483773833036,300.0850866160869,300.23603430339534,302.59318173200745,301.0063270146438,301.5085931750115,300.92452205630127,298.9800381191421,301.5294185372307,299.8858487658745,301.0167034068756,300.4633668336208,302.3918785349969,299.1392945603069,300.20261112459093,302.80631338772963,301.060392576148,300.4058779752366,301.6532256330891
23,299.9515490861176,301.7045666609769,300.2845357369902,297.68472831246726,300.0694331876112,298.8780956207088,298.4873714148402,300.2997165217318,298.72234994194474,298.5550208816217,299.8802209822225,300.3260721063216,302.6938713723528,300.8311598157983,300.4952543135429,301.2496785877792,301.0041653044125,301.75747401403254,300.3225661283597,302.5195890773834,301.98712091573196,300.80039130145286,299.9618951547429,301.17243297628494,300.19626726837413,301.52230800412747,300.44312252862227,299.998277910882,302.0447015120221,300.7657077427705
24,300.3594235980142,298.0645664726509,298.37929074135934,300.8638708671586,299.4197904879496,297.0419308076688,301.0811100852159,298.99718521242534,298.7084923435121,300.5516580536458,299.8100414062041,299.75122275637517,299.96992424011756,301.1215387773723,301.03479131593156,299.79253815198484,300.65297300281367,299.1014166383049,300.39622062141495,299.9742232560838,300.23991909072316,300.29949416956373,299.95867692870763,298.2664179522085,303.2049179423919,301.0671863992247,298.90241323387096,302.0634206899066,302.627045187312,301.15137479361186
25,298.7902818251828,297.2621412279157,299.3587897536801,299.1942744050702,298.5710861795702,297.0307059233686,298.5739668746178,297.8923379249344,297.43896653291273,298.2626455792769,300.6020945771323,301.67446312774854,299.93409396023054,301.38281753751835,301.2530350547088,301.0680123130877,299.76956828023816,299.03102920040607,300.8801527314458,300.31745652161703,301.7185722470944,303.26425150531435,303.04213541274686,300.35659766184,298.9986299604823,301.78259394311016,299.55868081917833,302.0737955213105,300.8091502806837,298.86152704438996
26,297.81757058849036,297.4875540172565,299.8055213845035,300.6999782954085,297.7429926895797,298.1614256956245,300.5502804356643,297.9582684991189,297.0965204450997,296.70676367775883,299.0224541233399,300.1897878939569,299.5324718688079,301.34536669099407,301.00583335987295,301.0584520801827,301.10125681830874,299.3890248628157,302.12268978330303,301.6669025609844,300.0129990049302,300.8065714533272,301.9333507743225,303.47917001160744,299.45175252987104,301.575030877565,302.80741788621873,299.64669309702396,299.7814776838222,301.7116371966069
27,297.9056132156604,299.20141683314733,298.5415388893068,298.6832656096574,299.0339723564291,297.9683858469778,297.2759241737442,300.0468347648694,298.88978093309726,296.0403709265408,300.8520417926148,303.39682466850894,301.10533915917244,302.05651583200967,300.74082167693683,300.94633046849566,301.9605158430598,301.7437896130974,299.1681133530087,300.62598636975,298.8727172197336,299.87274569788525,300.64936474494255,301.97894013810014,300.8474522595113,300.757754811479,300.6552547685816,298.9192460020463,300.7974433307905,301.0661431870779
28,299.0551146064209,301.0995004267966,298.42520058392637,300.21714781064975,297.6858399165657,301.27747210989247,299.0682242520857,299.4260601533243,299.76379777151277,298.91010664979376,301.8302407640312,299.22967114852827,302.5024599048343,299.4622430860859,300.65604184489234,299.84418648078565,302.97640558267943,301.84100608093803,299.8108729298877,301.37989768801884,301.5264022729973,299.14961235962295,302.22236925212775,300.92170070616385,302.1487682572283,301.45126174978714,301.12226649467067,301.38627567931786,299.73481920985137,302.6664596119454
29,297.8026003748865,299.241369737678,296.54399614714043,296.45047106166965,298.8089239133238,297.53588739472775,298.8685254962672,298.198759731531,299.2887765828147,300.50510390087834,300.7111533546827,297.271207598305,299.7608193004203,298.8379281108039,301.29536866568066,301.2480720815088,299.6049816736107,299.6526563958526,301.7039423755444,300.5717987140801,301.1457706026123,302.1668625041301,301.4650324579577,300.6604020469704,301.93615865064913,300.7476547706213,301.90504210113676,303.42108042970887,303.2094121476612,300.712599218706
30,299.6133564967741,298.15386961241853,298.1282015338532,298.7475197502374,299.28364473597577,297.9925264752807,298.8617146631031,299.4891034989477,299.5587023172097,298.361957999178,301.90658027527087,300.9817000986866,299.9439215576819,300.42454313011183,300.61761676097507,301.37462354083135,299.0332265516277,300.0619669112494,300.16912441646434,301.8637062780269,301.0900547750411,301.626279055183,300.6898919541127,300.9697568756497,302.11281446426557,300.6805306762846,302.3801290681743,300.16567278402016,300.4968494696331,300.7499997121564
31,298.72120246171164,298.2806447344315,298.81371387635664,300.8218454781954,298.4019738523356,299.6741420568565,299.7310096247428,298.20822762690665,299.57017459716707,298.53215879097206,302.1563933325398,302.39843658134737,300.5445227483583,301.40392963480207,300.21865257603895,301.42903932085864,301.3003749497227,300.35337325992475,299.8907213137839,301.521959854741,302.5218839183836,300.0239680879765,300.6283171704427,301.72264718694623,300.0202446573149,300.2245333083395,301.1956251657661,299.98058208267236,302.3294618153014,301.3037121648618
32,298.36462683347304,298.45153257177475,296.5579676315426,297.48411501518586,298.9813917500026,297.6644034604325,298.9768870656949,297.6881806788536,296.54898760637735,298.8816272371212,300.97350162112537,299.4450253985087,303.5812204334716,299.7237051286209,301.4545918288516,300.5346071960612,302.47445270721215,301.5725409170513,301.7029538116943,302.6864158109438,302.17515555101267,300.1698589887665,301.01364762864665,301.30976542036433,300.61878454246175,301.73069975413165,303.0152094291613,301.8084728909446,301.49264544502,303.39095789586656
33,298.9260730859028,300.2047881571836,298.51782389306936,298.7361787841051,296.386225577784,297.6936963777569,300.7118927860396,298.85155307607744,297.88393869567716,297.86718469548515,299.18905744709815,299.02470955774044,299.2510624314099,301.7237492899706,300.2222815005671,301.3152853206869,301.3624917266555,303.64927846371114,300.7599680382894,299.4891083298958,301.13272105967116,299.98869663103665,301.8262525134115,302.12929690922846,302.4250031681038,301.8785025835564,301.04096309228714,303.0297550339189,300.97170608828014,301.5577200771913
34,298.724296521688,297.8430136502008,300.1360940570987,301.6130626316519,297.65763304050216,298.84492253034665,297.73020209414767,297.82285320712094,298.34377521696905,297.4677082495034,299.7868318049333,301.4824972184851,298.23347087026286,301.3689107193979,302.1291272306258,299.28892470646446,301.1632255693383,299.8940383923934,300.36823982339916,300.81370975776946,301.7863495190017,302.0630876255287,300.2649220890069,299.3089527980731,300.4547122246661,300.8193299429972,300.5009263399475,302.88344783265796,300.770896727014,302.4375300833569
35,299.3100117250497,298.5820759006194,299.9992776491428,298.2297388319115,301.4517378189459,299.7849765412737,300.4329178626215,300.9927370756562,298.6291167310828,299.46013980771585,301.2956109043395,302.6801252383521,299.6627653000082,303.68319143023194,301.91183063736156,300.5996622689309,301.8975727185497,298.95126326591793,302.29638226957877,301.0604488805859,302.0163939832769,303.2448634150666,302.8333157778354,299.49191622106537,301.3191921188395,300.4860025423445,300.86315283733296,300.00258029018335,301.5120066959851,300.6091687286152
36,298.4015942223668,297.31308446203053,296.47217716559436,297.1143077098784,299.02307383194716,298.95184571979036,297.0785368928066,298.6685969408782,298.31238545653787,298.5193603652621,301.96327047252856,301.0752103079921,300.13705205728706,300.10768806006325,300.788101463783,301.3500209098577,299.86216369451546,300.236522889795,302.375575709389,303.4545359692831,300.74744006508035,300.2496856697107,300.3945305763102,302.52981713481876,302.8612212790127,302.41132352666904,301.88324001440674,301.8158435822442,302.8640594031137,301.0372258134123
37,299.6490373616511,298.3489137468057,297.95736297075797,299.3234238317824,298.8107754520197,298.7518658119333,297.70733668886965,298.9818778906562,300.26035548761814,298.51713888943954,300.6885622960222,300.6802606414681,301.43423263542854,299.70645949347124,300.8764151374839,300.9078814696912,300.6076569697446,301.9415195193108,301.34015465902297,300.8450476266619,301.09618431520835,301.78442461102685,300.35042953001556,303.39716255655736,302.1234971805429,303.65472620523354,301.63960552221823,300.96888370785985,300.9752841857953,301.9967372302696
38,300.0103193576082,299.670310316498,297.79624480174635,298.78651327392714,298.65528436108474,297.75062804955115,298.1163630135077,298.9897109617405,299.10440588161356,298.56522044027855,301.7618755765011,302.39065254455596,301.4332020167797,300.38503587549076,301.03173781583183,300.8353741695956,301.17997745878546,300.64617585509467,301.9157650027592,301.1678366060533,303.3338410587885,300.46544595654876,302.78311098382744,300.7244924849488,302.00955738764014,299.80201005419497,301.34441011445966,301.0613678119669,301.8896197588275,302.80626812500464
39,299.26627471632816,299.30106089201064,300.11317480483234,297.7160122221585,297.96647933319736,299.5244776487165,300.8631203424754,299.6812301003719,299.70387149171967,297.7209012043582,300.0092479804954,300.0416484861161,300.2068933410632,302.3567192051004,301.70744089570377,301.35417605136763,303.4751320725067,300.39473840603773,301.453059690384,302.3273983905436,299.4882176424572,300.4649046948937,303.20148899844065,300.6390374586674,301.25944806394546,300.61601387479345,300.5200111766868,302.06708642065473,303.15839408514324,300.941484699691
40,297.45610832756546,297.49058465461854,300.77109387951623,298.70046059337113,300.1339321738749,300.62198877070455,298.2796777696946,297.2816183148736,299.0295917343148,298.9036339482711,301.0721484278973,301.7700103743668,301.9053361460304,301.56580098176227,300.60097936248525,302.4128298243729,301.7374922914691,303.21505984872425,300.21338497025545,301.7290296221966,301.6091302122849,302.68537187945475,299.53101400105203,301.5390971570192,301.1796582526828,302.9519549705886,302.79351678647924,300.1201831366358,299.95491181550625,302.09370509728626
41,298.64327149430926,300.3631444694023,298.4999460597555,300.98335065117294,298.82869715466677,297.5838053280638,299.81030047272066,298.9390492454284,299.31591200904217,298.05446637396284,302.549944765125,300.32907922447515,301.1998130388597,300.53192293588546,300.6313933238894,300.1251059812037,300.1292935830711,300.1693079429148,300.2052686112792,300.6519092232432,300.0520678706551,302.5042282025376,301.9496039307023,302.2678637542246,302.24945470681826,301.8199509316784,303.51003582580614,302.9306789515076,302.4773388274152,302.55471066787004
42,299.3317044415591,301.0750986225766,298.53158094979244,298.7427380395148,298.2833042628373,298.68461698415007,299.08028130267627,300.5549080354669,298.21762785277775,296.7415065266783,300.2156736140519,301.29937913218004,302.92577856738995,302.1626514450431,302.02915196770704,301.10100201148293,300.5909896904914,302.1195570322468,302.2263422146508,301.2146261312369,301.76624727238124,300.71315377634943,301.89743241071346,301.45149933226213,301.4436621608359,303.003217961666,300.192077560741,304.03493892243904,300.69703466331373,300.79212830267477
43,298.358116642845,296.8046267678315,297.8345652562676,300.40665605915905,300.82993506610734,298.4713703243547,298.42559052140956,298.06770708232415,299.5790531324797,298.8940013062569,300.2746944994153,302.4268367368273,299.6455499636838,301.40456538929624,301.9773705277158,301.7223710178292,302.12301561818805,301.12081718379034,301.50177753594,301.34366010392006,303.18520882453726,300.63312475330855,301.11490296125686,301.7715615434561,302.68480564418104,300.90244160679936,301.4325331131956,300.7395415327072,302.6629536252666,300.0325448171897
44,300.1779519734059,298.3942730525012,298.54720597600516,297.9428077862471,299.200299736929,300.6588447579027,297.30774103308346,298.4746926232189,300.3236439203509,297.75979471618257,303.53957295312256,301.02510966490854,300.6125494312293,300.8654141741231,302.56398016981007,301.634321626573,302.0693429693367,302.62509298022457,301.2567586923314,302.41904094044077,301.8402238413256,301.43009514557997,301.9916546852295,303.3858473910363,300.54984525978256,301.6853259916947,303.0566749549249,301.59160015933656,300.9512492443461,303.5016444463395
45,297.5033232633173,297.7382120936423,298.5378987177351,298.20640854536526,296.2931832432707,298.2320258753294,299.45859376237587,299.89239179392837,298.783711245155,299.56424930808816,301.05214784922816,302.1832496841295,301.1879403070407,301.7562021381423,300.17574418454365,300.92256089242966,301.76012755111964,299.40924588801045,301.0617669729466,302.40979079228595,301.390121050319,301.8513663791619,302.0200910509706,302.15905055249914,302.959861283766,302.97339851506837,302.00507695604864,303.42075842475356,303.5349452884504,301.2650962795242
46,299.8764857092887,298.93506375514875,297.92046109199254,297.4596321897406,299.3172751672843,297.812685165798,298.6891053995556,299.94366430893473,298.0943451252431,300.5213490715228,299.15932884638767,300.07780894424906,300.9479606666053,302.76930476261435,300.60776006704015,300.8842211839455,301.1804642221873,299.90486749438736,304.30572271412325,301.584479371688,301.8190213457062,302.2845942135766,300.7969893464752,300.9895339608765,302.96233785399,302.5274547414205,302.8157810308821,304.4706680860554,302.958399088583,300.30795726753803
47,299.8394051104796,299.3213746785322,299.7266756597132,299.0390220138291,298.00402589575714,298.2062929284407,297.78182334941414,299.6985135177273,299.43385763102793,298.4896767467549,300.17238708970825,299.8847382921812,300.4039773944883,299.8004957884597,302.55209548042967,303.48803198655963,301.84768128279205,302.1160372643774,300.6034017674735,301.19554111043834,301.41105312341574,303.637953804053,302.61199377167503,301.5952691702671,300.6705144112295,301.49604762406443,301.24741525336873,302.1933771366849,301.2517681029644,302.46293539941297
48,299.06980303979213,298.058254352945,300.60307740532363,300.6205854712227,300.37242210015256,300.28383337605015,299.63186956454757,298.47947256516295,300.63495182662996,298.3282219630562,302.1588914378016,301.55807884678796,299.8501004033799,301.45378459236935,300.61246712161926,301.32310884470604,302.07464241883036,303.74579579122945,301.3383926625563,302.6227511082405,302.177810750165,300.4455260853883,301.7156564660577,302.5536206274298,301.5129361690554,303.11993451536347,303.66294996557235,302.78154589579805,303.439545599174,303.0043282878496
49,297.0062401915426,298.08520433162573,296.67069873018437,297.4738261530918,299.2792555372245,299.96880700094874,299.02524080595293,298.2256786490237,297.4153474259861,297.89210761728623,301.8757920462901,299.3465719555049,301.6393866046513,302.85713493953955,300.3248284122653,300.2345979007266,303.2598452496641,300.2130304031414,302.64015171023243,301.1069649353931,302.40921162696753,300.23268001803734,300.93654673176457,303.58372291002485,303.07415348640734,303.1497715313431,302.42051835992726,302.92662893217374,304.19688942570224,304.4604188071123
50,298.03250093248033,299.71224728706267,298.84178308549457,297.4955781959288,297.0904571027506,297.6594695866307,297.9678899864552,299.61676152423104,297.5766880301606,298.1025430634745,297.68401763707294,301.80274554756875,302.806925573035,300.50479390345856,300.686042260193,300.71879989209623,301.58051472422875,301.8861839168748,302.46668993862136,302.81609559436043,303.1835803631236,303.88264782497237,301.9057352410464,304.5441907522295,304.03030763158125,303.4121020932789,302.5094950048524,301.87279162921715,300.46475168375963,301.92662661769947
51,300.0542152105594,297.95215119097116,299.0809460526621,298.5701084957264,298.0179618402894,299.595598064313,297.5659967866481,298.15997975540466,298.69253791561397,300.8744663667314,300.7267623456226,301.9330881439052,300.3928080829209,300.22321578954706,302.7198563138274,300.49467337356776,301.86294893795565,302.0262889132711,302.3496772136942,301.7193212249321,301.44520548329166,301.38563807967154,303.3539603272396,300.93218386864714,301.5921118809558,302.4326637920039,303.61638335141174,301.460571308271,300.8592835740051,302.03958017512355
52,298.5830210856509,297.73392404905354,297.7827785958455,299.5448422902121,301.506616108271,299.81955881100595,298.4938004622225,298.17316015254363,301.10035973757914,299.63516754480065,302.71268506821554,301.1446125773755,302.99103547708893,303.0774612047475,299.9662300633422,302.25570097948946,301.3912141380791,302.82246146821626,303.2469968418971,300.96819006882714,301.89209038951134,301.8009722922793,302.3504799108548,300.9018919785169,301.41984385306006,303.2782918636982,303.77638044944507,302.3616057532536,303.6081683607346,302.720372468382
53,298.3727241506869,300.0742003740933,297.86317257253603,301.4252697887282,298.2957115019295,296.5102447776731,298.03995203162435,299.60219967898564,297.3584940868914,298.3230020688414,301.2807409529036,301.5061477493487,300.08538067491037,299.86776062792546,302.0104298244273,301.9228491518283,302.3391319667505,302.3366293139158,301.7147278862171,302.45927157526665,301.9917826476206,302.83406721863895,301.68910615558656,302.2752025105781,300.31428689538365,301.83401856978804,302.13423225302483,303.89042380677915,304.94493456624815,302.4250040196041
54,300.66673319800594,297.66860576336745,301.36812480232044,299.71132525921246,298.4376561310878,299.1426052109596,297.82469600321025,298.50746280712053,298.32097721461076,297.62407459748937,299.5097884874858,300.94987381878246,302.10709916261294,301.6153229372094,301.27856666057073,301.08177664094103,302.64030012351446,300.14731857887836,299.7991774490388,301.84374399597635,303.0931210853915,302.96213275638144,301.6216558859882,303.9467529928262,302.4579535101335,302.2308077806222,303.52337594871864,302.66943200661376,301.834585360366,303.1962073705137
55,297.9392094646313,298.0630956703507,297.58192968692083,295.2001112057169,299.5083726172247,299.15291719789303,298.83297329232147,298.303323502253,300.05339810535685,298.501081878263,303.26764890842463,302.4253969076571,300.661102992428,301.09658477534094,299.8567087607973,302.9323846925378,301.9869949593421,301.35549318701726,302.18000123507744,301.8319929646355,303.1444896343906,302.8657656858411,302.8679974640185,301.8139087991895,302.40094416606183,304.22518374739076,301.34002814914834,303.2455460711629,302.76668877383287,302.8023508725731
56,298.86678477401273,297.55341715632545,298.0832652437977,297.9766345249446,300.3010443100812,299.87741660377986,300.7725946715446,298.5066992918469,299.92298393789116,301.52830773312377,301.54919666123607,302.6154564623942,302.3690173562477,303.15694483543876,301.3062804039127,303.97793939985485,303.05600933679074,302.884207696369,302.39824886066276,302.5800499523386,300.6977733647086,303.7528962080392,303.6927181356665,301.7331625371994,303.207738510486,303.43959385857084,302.3495125022534,305.1434657700706,304.92201631557145,301.8499605541538
57,298.74477289561446,300.04140448685735,299.34679878728554,299.8035198395789,299.2562141607543,300.4096665050194,299.35090685937894,301.64929573357693,297.03890220282733,297.74908370338045,299.0725058473996,300.7495631016165,300.17726664938033,300.9049887760655,300.6122638417678,301.32633700011957,300.3140748605801,301.94031970113,301.9932198831768,303.75088954353083,303.0226317267847,301.6483445739215,302.903631752707,302.7800155634304,302.25531397981825,304.1082787533396,305.04855807241074,302.38645009233306,302.93133520170835,302.3045796188477
58,298.9618597592169,299.17228697992374,298.1997713112006,300.26875015664,297.76373368828627,297.4360461500866,298.64055952119344,298.7137032168163,297.4064793186748,297.57366193582897,300.3861435965761,301.0701761146439,301.5373429146362,300.61666533879037,300.06718059269053,301.619815718039,302.1332189689963,302.1095038419162,300.8749837842854,300.20244287289256,304.105155978564,302.36857198288186,301.58948659882157,302.6211581714061,301.8344000183915,303.81417999047,301.6150341662485,303.3642528515582,303.71528761624745,305.3108065854792
59,298.981816193802,299.0998902053331,298.7042817938349,299.2813416543916,298.5744569112099,297.95462199421553,298.5082361801929,298.02735939094254,299.1074058072888,297.5015393559666,302.6674875494927,301.24960465601725,303.0754563284104,302.0826399174883,301.013521420989,302.33834611940597,303.4621021573773,304.26214947594565,303.372257857547,301.603697392973,301.57871814032904,302.79553476188556,302.73603044233323,301.0890570011048,302.55520252802063,301.70445599722217,301.80732911855586,302.75551880544407,303.0221968276245,302.6841595893172
60,297.65648581774843,298.44688359370224,297.36668661337916,297.4887024480857,299.436721233592,300.27910026375656,297.7093054409881,298.5282927473725,298.2982886697744,299.06141609779587,300.8628621001257,301.3206058641655,300.6793303272115,302.1187072335086,300.8222644604633,301.17550529390263,300.7193726305,301.32549908137275,302.9533300612227,301.00797575592867,301.2619156640878,301.97306078796424,304.57904615315283,302.7941554834267,303.3972420327239,301.31851258868886,304.3187945583186,305.1217709829687,304.4590793651334,302.79994345619986
61,297.83933379360724,297.19836690097407,299.7752590587732,300.46852080239364,299.3359320427833,298.00757920144673,300.60808649842244,298.51255186423936,299.12004771239305,297.55241477421185,300.6344321923054,302.21693451745153,301.5160850347149,302.36584035692664,300.57210843639587,301.66884374038364,301.40653394851023,301.98209369624163,303.94248250110866,302.9458523632473,303.64899579690103,304.5731286207876,300.2808998894057,303.48341042522674,303.49105108188,304.4678184820174,303.95240158200846,302.589351091275,303.40168995999403,302.846855912916
62,300.0455107541591,298.2431520506403,299.3794089138004,299.2771976751646,298.9963118913572,299.18495047224854,297.84230602733635,300.062785474661,299.5566218896341,300.17122511862425,300.21748295853746,302.0533821432162,298.7756111167184,300.08920951692886,301.5269063095275,304.2103020199144,302.1025459734879,301.8530927394957,300.9078356677964,300.08027821951583,302.27391647372883,301.1227067918428,302.54146150606954,303.0257024487103,301.96010346126695,303.0714963612924,301.6061471638559,303.3827486458642,303.71861693796956,302.5219902652013
63,298.3685636239449,299.28258992033983,299.89452844905657,297.5619025877557,300.867469905377,297.77547459618165,297.27561033212993,298.85086847649126,297.5106869513307,298.82387609619286,301.42437146094016,301.37514788384374,301.55102064602244,301.22934307442034,302.5040335510613,301.23165403524644,301.4449531562943,300.38273648227937,301.245312244009,302.2383425287426,303.06751646706124,300.7461088378513,304.5770085648869,302.65766001067817,304.3107488096695,303.65459785035586,303.9139304883134,303.7835631933437,302.54455037460417,303.7183108137989
64,298.98417788093366,300.17873401241513,298.81851291212024,299.5876294796156,297.70299904086056,299.2205111551848,299.0363775438221,298.6106335069538,299.2814176052336,298.3322154863685,302.0526288894114,300.57480810105716,299.33458978243993,302.28311571162817,300.13922655003444,299.7845216366338,301.72837430849177,302.013770015581,302.986441399135,303.8904238981382,302.98825110204854,302.0565431022909,302.65727828322514,302.54536579680604,303.3256410524759,303.7585003725378,305.3722201976428,303.67362654330964,303.6553395729798,304.2246738344566
65,300.1942996878267,299.33905052014944,297.05537262996273,298.0532998257347,298.2238579307975,298.32998390047237,300.56830004790316,298.12933515484605,300.74714309513075,299.8131046080282,301.4646701340389,299.7067573983086,300.6563069882559,300.2068047396104,301.89336189009146,301.60979790258153,303.26768189458943,303.1100951508687,302.8191548433859,301.20813082528707,302.05225028363526,304.676038143972,302.4793023020613,303.5272118566067,302.3388547304885,304.08839720691145,302.1951658738185,305.4011156393971,303.6875422974744,303.3965665619583
66,299.1211365359986,299.4358435062191,298.1213145964094,298.1815434440621,300.3804731304015,300.9239545122592,298.4679941299009,298.8360581169322,297.30439877886766,297.3602096756075,301.0204980276346,302.5952063778109,301.6288313905737,301.65259903105704,301.9107646095864,302.9457858106292,304.4840281025916,303.52922098995435,300.36386347946194,301.7853548198063,304.936121285723,303.35153848808164,301.5233925393364,302.33542783432557,304.158964734921,303.9137252738292,302.94961706098474,301.7832192181605,302.50729188691776,303.42102733132623
67,297.89762416780997,297.32763950816076,301.52863411905025,299.3266880442662,299.1659800822947,300.4985535701669,299.02292013784876,298.8411002158946,297.81093133376584,298.0752065560949,302.40398197137415,301.2821777643058,301.629259755063,301.92733544124826,300.8811256658856,302.91344346835376,300.42158354545325,302.92468808828147,300.10581634520435,303.7688511931777,301.57379020346997,303.10646644273476,303.0101981963364,302.762068009767,302.575166818948,303.33548898984014,305.680749019431,302.5712364462979,304.15924800650356,304.91270211749287
68,297.9623495596605,299.1549225210162,298.3290263861141,298.5390269264374,298.7743278952071,298.77651991631,298.62921182261505,300.3535601287768,297.17134383943255,299.9531881940996,301.67394763905185,301.59371459585,300.89802515249477,301.3046894131597,301.1458604207592,304.0804796981304,302.58959719935365,300.09000261030565,301.8400802491226,303.6999214662922,302.1811806801041,302.97609357319624,305.71775371726153,304.3987634630759,303.8582479810919,302.66593063234274,303.0602882384968,305.30318841457796,304.0996356131693,304.24860121882847
69,297.76992105951757,301.0800209177442,296.36633262027004,298.86348409562794,298.30122995555035,298.5222086787605,298.92281160523413,298.0479264140226,298.2406237350505,298.1940912264101,299.6094378598091,299.64533347239666,300.3735113213841,302.41282363371937,301.45909577270106,300.54733194803197,302.68309179680597,303.11010480017484,303.6685894791491,301.12231644717525,303.9411880244483,304.26292570257567,303.58610730687343,302.6829915067173,302.61776789775473,304.8901890785579,303.7221673497292,302.3053425849886,305.57329819351077,302.76590214925096
70,298.7584931182048,298.45490596363106,297.70776914368497,296.8182168612688,299.708125739596,300.34953466359485,300.1336596245745,299.19355403475015,301.23259380846736,299.5617889355529,301.2382865954511,302.1857338934378,302.2653774471064,302.2984761080137,300.7807094817775,301.2286423472583,302.6644595166681,302.6539115112785,300.83169508973486,300.13056541627043,304.55351195733084,303.8573286642158,302.94120401877547,302.40858808574166,301.72568870467177,304.0442604181827,304.72889292351243,303.18240746482707,304.434879697892,303.7010144513595
71,299.233157701108,298.2272663237694,299.2078637102127,297.36760236048644,298.1865513842714,299.1304016591014,296.2949161878662,297.96044447943325,296.9959496735389,298.7337909219994,303.0987727888476,301.6741256139648,301.5952177498794,299.5888531041722,302.51963239923475,302.9235356264636,302.4496777365277,304.13226352923607,303.0051293358797,302.65355230608134,302.8629937837092,302.0144721445377,303.2688141451057,304.67808151498826,303.3501376287736,303.50302849755275,303.8528061719331,305.48336749007893,303.17974989497543,306.14633644863034
72,299.30711446190475,297.60631199961944,302.16275566026775,298.8957462269511,298.24243779263344,299.44588818583355,298.50285051887323,297.40422602697686,298.31608186857767,298.96598747409945,300.2691300887719,302.7720253258927,301.48430402056914,300.7989721017438,300.64381330199114,302.81385430965213,301.58084043568704,300.85932250011393,302.54964061191066,303.5045161644269,301.9732609804958,302.52465444610607,304.44527314081853,303.2109850908884,304.8941580288779,303.80857519783166,303.90132791587286,303.5227127062372,303.32800938179923,302.3492002416917
73,299.1501464057881,299.4901764245448,298.5133794973622,299.46150283328615,297.9153544358889,298.3575307158787,300.8810860820251,298.0707032534125,300.64496416653293,300.3586418365963,300.1889565160882,300.1637555385892,300.5116627662274,301.8275743618511,300.7500925469671,302.1774211880941,302.20132792170597,302.1632082704679,301.56380763025044,301.30016783967295,302.4034555760277,304.0239898523435,304.4954622621694,302.562930825466,302.3866904355871,303.9182523694395,304.96800026468435,305.14479585927523,305.96936471879354,303.45906366517926
74,298.2898555960066,300.5350253484277,298.3514062780636,298.2196262705839,299.00593139905055,298.9672357430221,297.4745552605597,297.99310097613426,299.36637385864543,298.4179663601558,302.3198891058294,301.81100471887333,300.9907686482653,301.0978818425844,302.6753777661201,302.42698045514044,303.75717981247425,301.2443075453289,303.88231524986867,303.6055905431728,303.6991986018253,303.22414535312754,303.9909403951173,303.17524453999766,302.7670316401849,305.9720933120177,303.4784049480013,303.83928282182825,303.40792067350753,305.43671678788496
75,297.47603498834724,300.3827174950001,299.0751154576233,300.13660262377937,299.10683576285106,299.1300938134145,296.802119062678,300.21714909284606,300.2459582011895,298.3403026146935,300.6013711878729,301.4100019335616,303.8045232749325,300.4462702915432,301.58150217787085,300.7460837517494,302.2718465968225,303.7389073843248,302.6325940570849,301.37034259820354,304.1224740411453,302.7337698189378,303.5065102304731,303.61062878178865,304.04216892199133,304.678020896185,304.2445518249316,304.28859173351793,305.2490969492182,305.91155469503553
76,298.8178603347189,297.8922649795282,300.43197703415467,299.8993782960584,301.00082658148136,299.96841959031974,298.67873881408656,297.42119341077824,298.7420684289809,298.6069802711014,299.92291649190025,300.85959482505535,299.6464181608536,300.1566237639972,297.8733540195214,302.88709000151033,302.20179728192926,302.0072447165988,301.5073787955802,302.3990496624654,304.88569998941927,303.90033850661143,303.21509183137243,304.2588007475208,303.42271683587325,303.7278046223161,305.87291385629413,304.02461658881356,305.25861337116345,302.08544395011245
77,300.743524286723,298.82820434600836,299.01364606310494,298.4938826396538,297.57675254748125,298.198654547578,300.03134477466875,299.4284866403689,298.7547590294679,300.4493007581257,302.474521097567,302.63684600825394,300.43330805286115,300.1305106739813,299.852583515007,303.1239435173213,300.27188925335446,302.36492904283557,302.82874884225714,302.0460945882409,302.3273536427728,304.0728748566023,303.85595045356575,303.410571634698,303.4450905957049,302.98777581938157,303.6106350771609,305.02332060923055,303.2999420585427,303.8877755100962
78,297.4204227837349,298.64916789055616,296.1259175167074,298.9867677410344,297.5264388559888,299.419357918382,300.0954227816867,299.60168758607796,299.5727820943589,297.315321774243,302.5680826359058,300.4430552301504,301.3921149439652,302.5888439148575,302.4701740013334,302.5173647500439,302.4892447114718,303.19900418593255,302.1270443078225,302.11147321873887,302.4071508286515,305.1332661542581,302.67336619025434,304.37588071882317,304.09757097387006,303.71304325554723,303.31033058775716,304.8615546385958,303.24771953667647,303.8459245243357
79,298.41600405325113,299.4471942736041,298.70150739728575,300.2480963361884,298.7601939180669,299.6999980392092,296.42012906175387,298.7584631073932,298.2292971799002,298.38081762284236,300.0801192436215,301.58321559781217,302.1832781971069,300.8754708143835,298.4532562282869,302.01734246696384,301.56850576807494,301.5423074605712,303.5621184466432,301.9500114203747,304.8086706923546,302.9737594549153,304.08245374872916,304.0650901102058,304.5889201650886,303.5858991667099,306.2960466493624,305.64408886640337,304.8201479949996,305.5664618303825
80,297.5778451582105,301.7632950487257,301.5426104414285,299.2502552784493,300.12043185488386,300.654108652935,298.5007410673149,299.67243121514025,300.15779951962594,300.03758656032124,301.72117178252375,299.5296667397347,302.3748782437611,300.62390923846516,300.1936190440963,302.9091165612637,304.64590024049994,302.72865364608657,302.92955823562033,302.3850893716331,304.2325914125707,303.1212622636454,305.79437589879393,303.0317367402613,303.0601373258213,305.4451570656138,304.3296701737332,303.00685608974266,304.3307328661222,303.9572586176382
81,299.7446515636565,297.586400212534,297.73179183714643,297.86244602782955,297.3412908978982,299.70881157424986,299.2215678610826,299.08035992526834,298.9918684634277,298.68305385945445,300.9127402178862,301.9796372907621,299.53352760630656,300.7628831974328,302.41412955134143,303.13055531684165,301.7729648842449,303.08717880711987,302.34929590049927,303.33886664245495,302.1993306709937,304.8916185040203,302.6516011257091,304.43285393452305,303.70998828969533,305.42942963513974,304.76308608452416,303.56683361947216,304.39393863702804,305.94741784587046
82,299.868986795613,298.14141124965255,297.74054282121125,299.30291651147587,298.9907832278528,300.1040132905052,298.79043613826383,298.3675364536218,299.5113888796653,298.68463416538174,300.3017083506349,299.82427543256654,301.519594973309,302.89523836489485,301.56046395037873,302.65058976060203,301.2922903286652,301.7510948736442,301.5507195025544,301.32750267489286,304.27408247191966,304.29888940725647,302.64245479766697,303.8479086657253,303.9502086362506,304.6701400603068,303.817923569719,305.614185471536,305.4385981382423,303.756294494268
83,299.9632610959624,299.44379702004306,299.5916797494055,301.08701602102536,298.4427053838696,299.72331358483,297.83001336689546,298.2495888402051,298.70946359603477,301.5179443322353,300.10574719380776,302.06419601384073,302.4417019350012,300.8141725452062,302.71466801619613,303.2839692662335,301.09823679047025,303.02959550146915,301.37312972670514,301.1752587974983,304.30399068201933,302.5778435162634,304.3531275083673,303.86944071216203,305.29387479721953,306.6027388084187,305.2220640257248,303.6748540700423,304.3470431670341,303.96400861383455
84,296.39051758726833,298.24377418423535,298.8357103925876,296.7300996300275,299.1382042894947,298.132433282032,299.75296868321726,301.1442070657701,300.50884776275103,298.24690856877635,302.8812054674804,301.6128839188466,301.3873420458479,301.47584159075797,300.71468996160206,300.9486593882665,304.2098761471243,302.2597016034614,302.354685033652,303.8882633780741,303.89532711128544,302.581442311792,305.26088046489394,305.040841807548,303.72417760979744,304.19603724218274,306.69725342261813,305.3723451294006,305.451737985643,305.1468486235689
85,298.92383515927423,298.09237216610603,298.9603645341023,297.35631982905284,300.1870697476059,298.49882510417825,298.94883221771653,298.422281700927,299.6299710076592,298.2107029850345,301.49411790363496,302.0336511394032,300.098080668672,300.2911781350468,300.07840680287666,301.1220256906134,303.20180370911515,304.20413261176697,302.53316595941345,302.585518749767,304.56585628663447,304.367570486802,303.4207503379541,304.7045145029547,303.0933461852648,304.6303595800394,304.3337587577455,306.1609748093276,304.79464774905614,304.727455044163
86,300.1182327466208,301.46156117988625,299.31449815702626,299.0190274667451,296.77138514577126,299.095263881045,300.5781658793201,297.9792220738552,298.1637736729632,299.22258446565496,,,,,,,,,,,,,,,,,,,,
87,296.64326322475273,297.2072823513983,297.70756387092246,301.56513302658055,299.2760406688382,299.9896178379467,300.15607535637673,299.2160249843767,298.90956367122203,298.3504157276401,,,,,,,,,,,,,,,,,,,,
88,298.2450762582682,296.569277521243,298.3545800562029,297.6482849169287,299.96194346663793,299.3840054179825,297.51191058429544,300.0285321533552,301.1864967543929,300.97474233182714,,,,,,,,,,,,,,,,,,,,
89,298.69959444464274,298.2624256298,299.9030332985106,300.11245173503147,298.84550077558634,298.66181480603956,298.57892957637284,298.2650654955759,299.1751880920295,298.2780459898966,,,,,,,,,,,,,,,,,,,,
90,300.5084643799468,299.90887513090485,299.58996113118945,301.001608053786,300.2034537328955,298.65047156537133,299.1259228981433,299.98076768902104,298.61738212784235,299.27175748734203,,,,,,,,,,,,,,,,,,,,
91,298.2446398400466,298.5559155258343,298.9780036027983,298.3852921597391,298.5766807877399,299.1948804060099,301.7477747848336,298.6265228399074,299.5709532724091,301.6436487814224,,,,,,,,,,,,,,,,,,,,
92,297.6389540034988,300.5181550750774,298.57835185081177,298.10271527872516,299.14869140041884,298.58544060775984,299.664587961753,298.8436868068473,298.67699890242426,296.7299198824944,,,,,,,,,,,,,,,,,,,,
93,299.06829409656206,298.5325841782426,299.87871196185534,299.50086922869076,298.88962570016065,300.2261564329886,299.5631988059503,297.3792078310253,299.1921187069809,297.99819750548954,,,,,,,,,,,,,,,,,,,,
94,297.4961403001369,300.605698855502,299.14042535899006,300.3230009841688,300.9754181043464,299.9798722807645,299.18924268194877,298.330371815149,298.1338878683834,300.53816469538447,,,,,,,,,,,,,,,,,,,,
95,297.7599573465022,297.4246276499746,301.73851737314607,300.2759708472875,299.6524684544833,299.6944712939871,301.22380643980756,300.2576735792415,299.9430363024486,297.38911094889795,,,,,,,,,,,,,,,,,,,,
96,299.0292397245154,298.6508543539666,298.686011664638,298.09338532664515,297.788426507713,298.84504388803913,298.6855502274627,300.0254658450317,298.6398128369035,299.5996224972963,,,,,,,,,,,,,,,,,,,,
97,299.3671725315625,300.23887464058066,299.3227542944496,297.66053501137554,298.12572723739254,298.64577610608575,297.0140489696361,299.00499764805204,298.6010165108559,299.0955359148989,,,,,,,,,,,,,,,,,,,,
98,300.85700541248207,300.09923610871124,300.7658268087648,297.04591555846406,299.4474324634538,300.02600700920704,296.37342876072415,297.36862473934656,298.3886653044988,298.9083165387303,,,,,,,,,,,,,,,,,,,,
99,298.5330119472537,297.996199192548,297.05851327993395,297.47270042057306,298.9061322874372,296.9229992570589,298.4233476654768,300.3077687047553,298.64864741071733,300.7559918635067,,,,,,,,,,,,,,,,,,,,
100,297.3024912347856,297.0967901157098,298.0860180971434,298.4578436023648,298.93504431788057,297.3127742349688,301.3726693439676,299.69183740233416,299.87087080625327,296.7938953681466,,,,,,,,,,,,,,,,,,,,
101,298.51268176363413,297.46112703055985,299.5077026815522,300.42867445074165,301.5302544372623,299.82004042110583,300.2079858847513,298.40091137231434,299.49062887706276,298.00701034687853,,,,,,,,,,,,,,,,,,,,
102,299.5577832378898,298.0364160720726,299.7277550775246,301.2036183631874,300.37835927563066,301.78054235085943,299.87994023834824,300.13671496980015,298.8446115964257,300.8821083978796,,,,,,,,,,,,,,,,,,,,
103,298.2045914862738,298.41203832907763,298.24568638057093,298.5946253839099,297.0863205932344,297.446874993984,299.0371273960372,299.19098699864827,298.718702344449,299.2687991993089,,,,,,,,,,,,,,,,,,,,
104,298.66527938696845,301.09101401558013,299.70705616551373,298.4219543102579,298.8667304469052,299.0242454400189,300.2873162234439,297.5282741254171,299.50925269521537,298.3851239383327,,,,,,,,,,,,,,,,,,,,
105,300.1487064431133,300.2024745279204,298.41422766552677,299.95176092991505,299.2326477423549,299.91680725298244,299.9735014706802,299.2078431813716,297.319585305039,300.4619485625322,,,,,,,,,,,,,,,,,,,,
106,300.45330950664555,298.13063919277874,298.33070755507606,298.82227963233896,298.2274546818506,298.05337959837806,298.2587297365866,301.3651711551325,297.60888096635375,299.03348838529206,,,,,,,,,,,,,,,,,,,,
107,298.0091093380077,299.0179287783357,300.5502623338103,298.6182893886609,299.0203904146654,299.47051771589247,298.4260016557306,299.2063890989425,300.3308877768972,297.5616194593343,,,,,,,,,,,,,,,,,,,,
108,297.42459710504676,299.99456496960875,297.472582865301,299.7432852027506,300.9415162661842,299.0832987039148,298.7645464616088,297.4640116775534,299.07522458728846,298.04017255170413,,,,,,,,,,,,,,,,,,,,
109,298.64278204739895,297.6824971774313,298.02952286878036,299.42964673344954,300.39568112791534,298.57378838729613,299.7657936118037,299.1421521845162,299.6060301579103,300.1309109766893,,,,,,,,,,,,,,,,,,,,
110,299.236607753046,298.315341155162,298.9900055283942,300.35189192397615,299.2093211837153,299.1323354169552,299.5809220361346,299.45402711068664,298.8754189687451,298.9028050599624,,,,,,,,,,,,,,,,,,,,
111,300.4737717337575,297.95807208445314,299.29506526778033,298.51064661789957,299.11009210725405,299.88970665368043,299.1589986703022,297.56414221002075,296.8267683167098,298.2260326512271,,,,,,,,,,,,,,,,,,,,
112,300.1357799954939,300.21586757138164,298.5410575086659,299.5960736037793,300.62366264852375,298.9071222285908,301.06426789351116,298.71082894032673,297.7141634222283,298.8184659578464,,,,,,,,,,,,,,,,,,,,
113,296.1982447649075,300.0670035582297,298.3488983856742,300.42121951681554,301.88366750215096,298.67589628765967,298.68825850032044,299.9955183015176,298.9760547064707,299.72238861159167,,,,,,,,,,,,,,,,,,,,
114,297.7189975031278,295.7708655554843,300.4389746679345,297.08864288599165,298.07958818741395,299.35591828718674,297.8352146423291,300.3058209765975,301.1675239275805,298.7934803807528,,,,,,,,,,,,,,,,,,,,
115,299.937728870145,299.3868477407453,298.1546333279126,299.1398026562871,299.38872668059224,298.3332544233087,297.9692930469021,297.540240899207,296.77358106482683,298.0334182496863,,,,,,,,,,,,,,,,,,,,
116,299.04224481661794,301.38698170551737,299.62021574742266,301.46037317379984,297.99060992487034,298.83619459939865,297.7651557433621,297.4815579100986,298.3945820508853,298.15721854328945,,,,,,,,,,,,,,,,,,,,
117,299.2819035309235,296.82912664803774,298.5832047789946,297.42037626173305,298.719161488922,299.1454998223632,299.27841716264214,300.420742138769,300.4323600768195,300.0402134161081,,,,,,,,,,,,,,,,,,,,
118,298.8366872634688,297.0782303533338,298.55582497654103,296.76272470524344,301.1098933520811,299.62388795227054,301.8283533704759,298.8390131467748,300.58055436622686,297.39538120214337,,,,,,,,,,,,,,,,,,,,
119,299.92197248057994,299.3396849063373,300.22131669596206,299.5702423635866,298.40468196233877,301.02962895213597,298.161416886463,299.98753817909665,296.4676366110704,298.9799852076481,,,,,,,,,,,,,,,,,,,,
120,298.98176566823844,299.4395677679901,299.48562499013525,298.93553180665646,298.6939492223542,297.50057903341536,297.0555333913569,298.32737619097105,299.3282604431686,300.19986992509354,,,,,,,,,,,,,,,,,,,,
121,300.45715825954716,300.0322340930135,298.8215100595731,299.48182982230315,299.11321469866095,298.91196927378974,299.4590018585397,298.4218121737478,297.9444321412196,298.97876571392953,,,,,,,,,,,,,,,,,,,,
122,296.2753271531854,298.474859049343,296.4937336387325,300.5023819237853,298.13457969953816,297.4254918303922,300.9359293349633,298.53155366278725,300.4038526811316,299.9085230817281,,,,,,,,,,,,,,,,,,,,
123,298.54671868935725,297.8957574745397,298.6168123032428,299.32131106628066,300.15996154429024,298.7297040789261,299.3941298387297,298.78633975646704,298.007914941141,297.5261244324326,,,,,,,,,,,,,,,,,,,,
124,299.17244651880304,297.0762870801451,298.87215926210655,297.8575112565797,297.50267221395967,298.9484325324145,298.9398837869632,299.4600287405587,298.68194831508185,298.20816360577754,,,,,,,,,,,,,,,,,,,,
125,299.0762377689592,298.58143899456195,296.9134349534454,299.16451643980804,299.40691355009426,298.41267005168487,297.01385579545354,298.9512863238088,298.5114800304195,298.0518764702619,,,,,,,,,,,,,,,,,,,,
126,298.3726757254655,300.1425284424774,297.3514445594584,297.9111940015305,300.085843389121,299.4244837514622,298.5770185769874,296.94978593928613,299.23800221086327,298.04818725357586,,,,,,,,,,,,,,,,,,,,
127,300.0176783508902,298.27422641568154,300.0750586327815,297.55165398281446,296.8563130432108,299.09648627385764,299.68283636428566,298.4602073566011,300.89412293328326,299.9321853455878,,,,,,,,,,,,,,,,,,,,
128,299.95397766089593,299.94137739394256,298.89718183246555,297.7508773640065,299.0563494950778,300.38008294376147,299.6336985995152,300.15877072727693,297.7032404487561,299.7079060672888,,,,,,,,,,,,,,,,,,,,
129,297.89313658832157,299.21564378289867,299.7715318580305,299.7653843530311,299.6760475700717,297.67527282038435,298.1208691953359,299.73927421579407,298.97449833294803,298.9129926819779,,,,,,,,,,,,,,,,,,,,
130,298.38725922990716,298.2304997445896,300.2613503078339,299.56851525627053,298.4124503247858,297.92483975764054,300.2183478623387,298.31681018904106,300.71301323278135,298.43281423841023,,,,,,,,,,,,,,,,,,,,
131,299.66059765185577,299.1037401909927,299.22358780899737,300.04186188564523,299.6421288804592,299.4302410176262,298.1541798796761,297.14045460356346,296.322418977828,298.0941366488749,,,,,,,,,,,,,,,,,,,,
132,300.4658743243029,300.59974317138676,299.0627139205505,299.42441892291936,298.4023726830416,298.4817600164865,298.09886843824785,298.7929097544846,297.9280610905518,298.09885151328893,,,,,,,,,,,,,,,,,,,,
133,297.94691355310766,299.1263334167236,299.88048829782326,297.30375842548057,299.9356308947146,297.75891227829857,298.3018042781461,301.1019541138938,299.27213644670485,300.2493158835389,,,,,,,,,,,,,,,,,,,,
134,300.20126809235904,300.34452980677264,301.01684809559976,299.93876149612845,300.03879346491493,300.80409581056756,298.0695102502635,297.7882092479039,298.1992852109283,299.5875559695571,,,,,,,,,,,,,,,,,,,,
135,298.4401914800849,297.5856226933542,297.77172727116664,297.35838295184675,297.9689964542604,296.75480835960866,301.9633892830363,300.2675843209741,299.7156253301149,298.1313748328603,,,,,,,,,,,,,,,,,,,,
136,298.4653033554835,299.7609587073404,300.8209265985511,300.0086026730178,298.16286479159186,298.4852335914108,299.0864655310161,298.9880018071547,301.06186602584745,299.89760969822197,,,,,,,,,,,,,,,,,,,,
137,298.16526756487616,300.0360826416982,297.8539368093376,299.34326087410324,298.1698473942112,298.114276824347,298.6485442406315,296.8078524700718,298.01235200990715,297.4064189132175,,,,,,,,,,,,,,,,,,,,
138,297.60938181552933,297.49811935089116,296.7814850571772,298.1356008088423,298.8962376640601,300.7977204077343,298.4879529341478,298.4531190870284,299.8424630320406,298.4492094301397,,,,,,,,,,,,,,,,,,,,
139,299.75543071363717,299.01756747112887,299.1916952644494,298.20856402966245,300.3460730243303,298.59683998080726,298.11787292432456,301.6788999282747,299.1417008985498,299.4133206569502,,,,,,,,,,,,,,,,,,,,
140,298.86144267492506,300.5113829409955,299.3023818402937,299.97380299687984,298.3339049195547,296.0459135307363,300.4415971319555,299.3228817202947,299.25037980276545,300.7330921173137,,,,,,,,,,,,,,,,,,,,
141,298.312605674035,297.5835664768502,300.8718644146084,298.7747455516522,297.5168377928164,298.44657036250237,298.16098884191393,298.58005382888,298.22736984422295,299.2047691188639,,,,,,,,,,,,,,,,,,,,
142,297.07756740384633,297.2213449560898,297.98716686299963,297.98662485175754,299.4116783415567,299.46199309485,299.1043887920245,298.8026673741536,296.4991929266406,298.3991248737249,,,,,,,,,,,,,,,,,,,,
143,298.7848862950968,298.468537164477,298.9676191173519,300.76201266758204,299.93995706582945,298.925859016188,297.5102780483183,299.9664129471873,298.2985456323452,298.73042928630775,,,,,,,,,,,,,,,,,,,,
144,299.3359228664363,300.3836401235183,299.0015150635368,298.19175431894354,297.6204044580493,299.05951667291833,298.59870190757965,297.07539531389074,300.8848683225866,298.685304816391,,,,,,,,,,,,,,,,,,,,
145,299.8853662473123,298.20120815431306,298.1702787007552,298.1570429536294,298.2245542570195,297.3527794176378,297.37206589878195,297.45818411502813,298.45871358733774,298.51377149745207,,,,,,,,,,,,,,,,,,,,
146,297.8943573782221,298.52183675124263,299.2672584926317,299.6051986709997,300.8309530378088,298.7382711483993,298.1137267952329,298.7185186386481,297.98117050211044,297.7385016163704,,,,,,,,,,,,,,,,,,,,
147,298.44268871015015,298.26355364328816,299.0775158918472,300.93204432139777,299.7312784112851,300.082837185128,299.2474692936002,300.3171919725021,297.5713536264363,298.9159299304512,,,,,,,,,,,,,,,,,,,,
148,298.10913336675213,300.5439204957665,299.58691108406316,297.85490643085905,298.1638718395047,297.5004228593323,300.8256338036501,298.43805939047905,299.892852146875,300.1627059280475,,,,,,,,,,,,,,,,,,,,
149,299.2731334006559,298.60208309839345,299.2623080839831,297.2307423470307,298.0138139082764,299.19967404372255,300.53655597576136,300.3220826152274,300.41864533508624,299.21296963804076,,,,,,,,,,,,,,,,,,,,
150,299.6052093431681,299.07647807387434,298.74084010304335,299.4221395096579,297.8599818825662,300.2737842005947,300.885436571358,298.06119833711097,298.05203602105405,298.18825828481977,,,,,,,,,,,,,,,,,,,,
151,298.4969359544474,299.4429111230274,299.269115219154,301.81449144531035,299.80171326055347,296.91668629743975,299.03329200758293,297.77642805221166,299.5495564384084,298.7693303735778,,,,,,,,,,,,,,,,,,,,
152,298.4546174020821,300.9344741422872,301.31874985450685,298.23875042025696,298.2574232635736,298.7313846316629,298.0255615372094,300.0385875613229,300.1363884312099,299.388912039213,,,,,,,,,,,,,,,,,,,,
153,298.7798386295706,297.31067258771213,300.27205901158396,299.427719868535,300.9732464400661,300.9430540535432,297.77802401008154,300.23441475092267,299.0612422210052,299.18156226083596,,,,,,,,,,,,,,,,,,,,
154,299.4376460203684,299.1469908689089,298.173964762509,299.68709608622447,299.9450228652851,300.9032037375608,297.73411497828016,300.0061496991029,300.1422863031914,299.5834377243534,,,,,,,,,,,,,,,,,,,,
155,298.0728476868491,299.29242553580633,298.481958606835,298.45758837989746,299.89779575864446,299.9088653305769,300.3447405393487,298.34161560680894,297.40966289414047,300.2081045342252,,,,,,,,,,,,,,,,,,,,
156,298.701534050832,300.2140767089555,299.2377841706345,298.1145974208,299.584676162688,299.33668061339324,301.0277121074287,299.3306420186812,298.50378195213074,298.67401652920336,,,,,,,,,,,,,,,,,,,,
157,301.3667731663665,299.0887551918025,298.0767252958254,299.09041315597193,302.17241320493923,299.67832137354054,298.7666236496707,298.7237468603466,299.59349721142445,299.4180370263494,,,,,,,,,,,,,,,,,,,,
158,299.0377566623568,298.9849488745636,298.7841995780403,300.374634092642,299.59981995675184,298.8425000393354,299.54505183471707,300.71546000861946,300.8086217488041,298.2509762687102,,,,,,,,,,,,,,,,,,,,
159,297.1427996921254,299.03939653528516,301.15237361223603,296.9920318552109,298.3071799553606,297.8247283822916,300.40498270453986,299.97217333161825,300.00566591180694,299.2212253682189,,,,,,,,,,,,,,,,,,,,
160,296.58161092724384,299.886717372018,298.39517320256897,299.03812947484096,297.04183170638925,300.5986872235439,299.9438455932966,300.42663206510656,298.2308771248773,298.7006751105782,,,,,,,,,,,,,,,,,,,,
161,299.3553711294087,299.5165003706282,299.432064679721,300.16906424856967,298.94570371411874,300.6740731232441,300.2314988646396,299.9371717924659,299.2110144788075,298.5656851458136,,,,,,,,,,,,,,,,,,,,
162,298.6415007123979,298.9759982802121,299.29384286862427,300.7261656670645,302.21244315073017,297.8816301289712,299.7529312792753,299.7413395358298,300.62585835946237,300.44330398503695,,,,,,,,,,,,,,,,,,,,
163,297.7846293875078,299.69417600828507,300.0106500281826,299.6815822069569,298.4097291226417,298.73508916179316,299.7012664209826,299.5549966751587,299.39021155646134,298.116410322418,,,,,,,,,,,,,,,,,,,,
164,299.92646025744085,300.1681866791725,300.2635199999836,301.6138441888325,299.4021403200164,302.41363194185953,298.26783791232475,299.5809658653299,299.55477096363546,299.99778100069943,,,,,,,,,,,,,,,,,,,,
165,299.20503916718394,,,,,,,,,,,,,,,,,,,,,,,,,,,,,
166,299.42886867438574,,,,,,,,,,,,,,,,,,,,,,,,,,,,,
167,298.8954805168169,,,,,,,,,,,,,,,,,,,,,,,,,,,,,
168,298.0005234225416,,,,,,,,,,,,,,,,,,,,,,,,,,,,,
169,298.1911790134268,,,,,,,,,,,,,,,,,,,,,,,,,,,,,
170,298.4320106557436,,,,,,,,,,,,,,,,,,,,,,,,,,,,,
171,299.95394873539493,,,,,,,,,,,,,,,,,,,,,,,,,,,,,
172,299.469058955196,,,,,,,,,,,,,,,,,,,,,,,,,,,,,
173,297.51467718287927,,,,,,,,,,,,,,,,,,,,,,,,,,,,,
174,299.2282185104865,,,,,,,,,,,,,,,,,,,,,,,,,,,,,
175,301.0962087408223,,,,,,,,,,,,,,,,,,,,,,,,,,,,,
176,296.71930018687914,,,,,,,,,,,,,,,,,,,,,,,,,,,,,
177,298.7864201368997,,,,,,,,,,,,,,,,,,,,,,,,,,,,,
178,298.45073094038355,,,,,,,,,,,,,,,,,,,,,,,,,,,,,
179,298.9846237718664,,,,,,,,,,,,,,,,,,,,,,,,,,,,,
180,297.49081588077524,,,,,,,,,,,,,,,,,,,,,,,,,,,,,
181,299.4633949027082,,,,,,,,,,,,,,,,,,,,,,,,,,,,,
182,301.601113463335,,,,,,,,,,,,,,,,,,,,,,,,,,,,,
183,297.6912334104254,,,,,,,,,,,,,,,,,,,,,,,,,,,,,
184,298.21116246355115,,,,,,,,,,,,,,,,,,,,,,,,,,,,,
185,299.116248897548,,,,,,,,,,,,,,,,,,,,,,,,,,,,,
186,298.6793296388486,,,,,,,,,,,,,,,,,,,,,,,,,,,,,
187,299.85308926536607,,,,,,,,,,,,,,,,,,,,,,,,,,,,,
188,299.7045410900775,,,,,,,,,,,,,,,,,,,,,,,,,,,,,
189,297.78885867504204,,,,,,,,,,,,,,,,,,,,,,,,,,,,,
190,297.72451735538743,,,,,,,,,,,,,,,,,,,,,,,,,,,,,
191,298.7058877403684,,,,,,,,,,,,,,,,,,,,,,,,,,,,,
192,298.8015897773609,,,,,,,,,,,,,,,,,,,,,,,,,,,,,
193,297.84118489283856,,,,,,,,,,,,,,,,,,,,,,,,,,,,,
194,297.3359272996922,,,,,,,,,,,,,,,,,,,,,,,,,,,,,
195,300.475216850354,,,,,,,,,,,,,,,,,,,,,,,,,,,,,
196,299.7015284680187,,,,,,,,,,,,,,,,,,,,,,,,,,,,,
197,297.4007976393256,,,,,,,,,,,,,,,,,,,,,,,,,,,,,
198,299.2423784339599,,,,,,,,,,,,,,,,,,,,,,,,,,,,,
199,299.3767683525438,,,,,,,,,,,,,,,,,,,,,,,,,,,,,
200,299.6791613052249,,,,,,,,,,,,,,,,,,,,,,,,,,,,,
201,299.1608945557153,,,,,,,,,,,,,,,,,,,,,,,,,,,,,
202,297.5243618418768,,,,,,,,,,,,,,,,,,,,,,,,,,,,,
203,297.2185367609384,,,,,,,,,,,,,,,,,,,,,,,,,,,,,
204,298.96319330949194,,,,,,,,,,,,,,,,,,,,,,,,,,,,,
205,298.8565141212698,,,,,,,,,,,,,,,,,,,,,,,,,,,,,
206,297.2150524518707,,,,,,,,,,,,,,,,,,,,,,,,,,,,,
207,299.60530639765744,,,,,,,,,,,,,,,,,,,,,,,,,,,,,
208,300.6358451331093,,,,,,,,,,,,,,,,,,,,,,,,,,,,,
209,300.1500494849043,,,,,,,,,,,,,,,,,,,,,,,,,,,,,
210,298.1777325810545,,,,,,,,,,,,,,,,,,,,,,,,,,,,,
211,300.6171202576474,,,,,,,,,,,,,,,,,,,,,,,,,,,,,
212,300.05409211599977,,,,,,,,,,,,,,,,,,,,,,,,,,,,,
213,296.9992646044253,,,,,,,,,,,,,,,,,,,,,,,,,,,,,
214,298.3426341641869,,,,,,,,,,,,,,,,,,,,,,,,,,,,,
215,301.600878630868,,,,,,,,,,,,,,,,,,,,,,,,,,,,,
216,298.76045973370304,,,,,,,,,,,,,,,,,,,,,,,,,,,,,
217,297.8676202614202,,,,,,,,,,,,,,,,,,,,,,,,,,,,,
218,297.6971253471981,,,,,,,,,,,,,,,,,,,,,,,,,,,,,
219,299.5086317564651,,,,,,,,,,,,,,,,,,,,,,,,,,,,,
220,300.19866349392555,,,,,,,,,,,,,,,,,,,,,,,,,,,,,
221,297.83514508065304,,,,,,,,,,,,,,,,,,,,,,,,,,,,,
222,298.3661357560386,,,,,,,,,,,,,,,,,,,,,,,,,,,,,
223,298.6672059511839,,,,,,,,,,,,,,,,,,,,,,,,,,,,,
224,297.4340734314094,,,,,,,,,,,,,,,,,,,,,,,,,,,,,
225,300.1678883748479,,,,,,,,,,,,,,,,,,,,,,,,,,,,,
226,295.8905357930718,,,,,,,,,,,,,,,,,,,,,,,,,,,,,
227,297.1749951888317,,,,,,,,,,,,,,,,,,,,,,,,,,,,,
228,298.12401449598815,,,,,,,,,,,,,,,,,,,,,,,,,,,,,
229,299.65916959092766,,,,,,,,,,,,,,,,,,,,,,,,,,,,,
230,297.7328771619434,,,,,,,,,,,,,,,,,,,,,,,,,,,,,
231,300.35095283945157,,,,,,,,,,,,,,,,,,,,,,,,,,,,,
232,300.52301613185995,,,,,,,,,,,,,,,,,,,,,,,,,,,,,
233,298.79654740313066,,,,,,,,,,,,,,,,,,,,,,,,,,,,,
234,297.8171547354966,,,,,,,,,,,,,,,,,,,,,,,,,,,,,
235,299.0558863323365,,,,,,,,,,,,,,,,,,,,,,,,,,,,,
236,297.5463227179483,,,,,,,,,,,,,,,,,,,,,,,,,,,,,
237,298.62864962242475,,,,,,,,,,,,,,,,,,,,,,,,,,,,,
238,296.1593835631847,,,,,,,,,,,,,,,,,,,,,,,,,,,,,
239,297.52369095275776,,,,,,,,,,,,,,,,,,,,,,,,,,,,,
240,300.4752485790932,,,,,,,,,,,,,,,,,,,,,,,,,,,,,
241,296.9092488040008,,,,,,,,,,,,,,,,,,,,,,,,,,,,,
242,298.7658991451339,,,,,,,,,,,,,,,,,,,,,,,,,,,,,
243,300.383795917578,,,,,,,,,,,,,,,,,,,,,,,,,,,,,
244,299.2269931371659,,,,,,,,,,,,,,,,,,,,,,,,,,,,,
245,299.8835150785396,,,,,,,,,,,,,,,,,,,,,,,,,,,,,
246,296.587372172716,,,,,,,,,,,,,,,,,,,,,,,,,,,,,
247,299.9510154914898,,,,,,,,,,,,,,,,,,,,,,,,,,,,,
248,300.3764536970819,,,,,,,,,,,,,,,,,,,,,,,,,,,,,
249,298.09512894770336,,,,,,,,,,,,,,,,,,,,,,,,,,,,,
250,297.16882190831006,,,,,,,,,,,,,,,,,,,,,,,,,,,,,
251,299.2481197444484,,,,,,,,,,,,,,,,,,,,,,,,,,,,,
252,300.23368783593133,,,,,,,,,,,,,,,,,,,,,,,,,,,,,
253,298.64973215465074,,,,,,,,,,,,,,,,,,,,,,,,,,,,,
254,298.90989681367387,,,,,,,,,,,,,,,,,,,,,,,,,,,,,
255,298.8278056840696,,,,,,,,,,,,,,,,,,,,,,,,,,,,,
256,298.5498331346982,,,,,,,,,,,,,,,,,,,,,,,,,,,,,
257,297.96210275383766,,,,,,,,,,,,,,,,,,,,,,,,,,,,,
258,298.7937150157793,,,,,,,,,,,,,,,,,,,,,,,,,,,,,
259,297.6253248919661,,,,,,,,,,,,,,,,,,,,,,,,,,,,,
260,298.46967066577355,,,,,,,,,,,,,,,,,,,,,,,,,,,,,
261,298.164756936527,,,,,,,,,,,,,,,,,,,,,,,,,,,,,
262,297.72929992510893,,,,,,,,,,,,,,,,,,,,,,,,,,,,,
263,298.7686245025773,,,,,,,,,,,,,,,,,,,,,,,,,,,,,
264,300.8899429948526,,,,,,,,,,,,,,,,,,,,,,,,,,,,,
265,299.33938103670613,,,,,,,,,,,,,,,,,,,,,,,,,,,,,
266,299.00008749377724,,,,,,,,,,,,,,,,,,,,,,,,,,,,,
267,298.6951922366941,,,,,,,,,,,,,,,,,,,,,,,,,,,,,
268,298.8798352240522,,,,,,,,,,,,,,,,,,,,,,,,,,,,,
269,300.17332349115105,,,,,,,,,,,,,,,,,,,,,,,,,,,,,
270,298.1830391026791,,,,,,,,,,,,,,,,,,,,,,,,,,,,,
271,298.07201476624647,,,,,,,,,,,,,,,,,,,,,,,,,,,,,
272,299.2541085302366,,,,,,,,,,,,,,,,,,,,,,,,,,,,,
273,299.6426703894169,,,,,,,,,,,,,,,,,,,,,,,,,,,,,
274,297.38706446344713,,,,,,,,,,,,,,,,,,,,,,,,,,,,,
275,300.4929045318857,,,,,,,,,,,,,,,,,,,,,,,,,,,,,
276,298.36751088880084,,,,,,,,,,,,,,,,,,,,,,,,,,,,,
277,298.7758161651665,,,,,,,,,,,,,,,,,,,,,,,,,,,,,
278,298.4533501761542,,,,,,,,,,,,,,,,,,,,,,,,,,,,,
279,298.55280935075115,,,,,,,,,,,,,,,,,,,,,,,,,,,,,
280,298.7528895704417,,,,,,,,,,,,,,,,,,,,,,,,,,,,,
281,298.40689585199874,,,,,,,,,,,,,,,,,,,,,,,,,,,,,
282,297.50825558559364,,,,,,,,,,,,,,,,,,,,,,,,,,,,,
283,298.4445115683931,,,,,,,,,,,,,,,,,,,,,,,,,,,,,
284,299.08269609642383,,,,,,,,,,,,,,,,,,,,,,,,,,,,,
285,301.1660638218891,,,,,,,,,,,,,,,,,,,,,,,,,,,,,
286,300.565195708364,,,,,,,,,,,,,,,,,,,,,,,,,,,,,
287,295.94166520093563,,,,,,,,,,,,,,,,,,,,,,,,,,,,,
288,298.76912655428555,,,,,,,,,,,,,,,,,,,,,,,,,,,,,
289,298.8551602423966,,,,,,,,,,,,,,,,,,,,,,,,,,,,,
290,297.78385383788026,,,,,,,,,,,,,,,,,,,,,,,,,,,,,
291,299.02747596740693,,,,,,,,,,,,,,,,,,,,,,,,,,,,,
292,298.65587884386605,,,,,,,,,,,,,,,,,,,,,,,,,,,,,
293,298.1927422756101,,,,,,,,,,,,,,,,,,,,,,,,,,,,,
294,298.50677578440906,,,,,,,,,,,,,,,,,,,,,,,,,,,,,
295,299.24874781224935,,,,,,,,,,,,,,,,,,,,,,,,,,,,,
296,298.63919915091645,,,,,,,,,,,,,,,,,,,,,,,,,,,,,
297,298.33020968973193,,,,,,,,,,,,,,,,,,,,,,,,,,,,,
298,298.0809954462016,,,,,,,,,,,,,,,,,,,,,,,,,,,,,
299,298.1068651706119,,,,,,,,,,,,,,,,,,,,,,,,,,,,,
300,298.40035166820695,,,,,,,,,,,,,,,,,,,,,,,,,,,,,
301,300.34769625589166,,,,,,,,,,,,,,,,,,,,,,,,,,,,,
302,298.3257417655305,,,,,,,,,,,,,,,,,,,,,,,,,,,,,
303,298.7255656465142,,,,,,,,,,,,,,,,,,,,,,,,,,,,,
304,299.0002276612972,,,,,,,,,,,,,,,,,,,,,,,,,,,,,
305,296.9735596427402,,,,,,,,,,,,,,,,,,,,,,,,,,,,,
306,296.7394485802461,,,,,,,,,,,,,,,,,,,,,,,,,,,,,
307,296.99690510329236,,,,,,,,,,,,,,,,,,,,,,,,,,,,,
308,298.836677970018,,,,,,,,,,,,,,,,,,,,,,,,,,,,,
309,301.7127186087278,,,,,,,,,,,,,,,,,,,,,,,,,,,,,
310,296.7444707727405,,,,,,,,,,,,,,,,,,,,,,,,,,,,,
311,298.43696147412794,,,,,,,,,,,,,,,,,,,,,,,,,,,,,
312,299.1701697495851,,,,,,,,,,,,,,,,,,,,,,,,,,,,,
313,299.6096369835694,,,,,,,,,,,,,,,,,,,,,,,,,,,,,
314,298.36503606182174,,,,,,,,,,,,,,,,,,,,,,,,,,,,,
315,299.21650222212895,,,,,,,,,,,,,,,,,,,,,,,,,,,,,
316,300.6475821358645,,,,,,,,,,,,,,,,,,,,,,,,,,,,,
317,297.13497521837655,,,,,,,,,,,,,,,,,,,,,,,,,,,,,
318,298.3849498937148,,,,,,,,,,,,,,,,,,,,,,,,,,,,,
319,298.91823692391023,,,,,,,,,,,,,,,,,,,,,,,,,,,,,
320,297.80837359371475,,,,,,,,,,,,,,,,,,,,,,,,,,,,,
321,299.01598768887465,,,,,,,,,,,,,,,,,,,,,,,,,,,,,
322,301.02000963200857,,,,,,,,,,,,,,,,,,,,,,,,,,,,,
323,297.1046773902901,,,,,,,,,,,,,,,,,,,,,,,,,,,,,
324,297.23578099632715,,,,,,,,,,,,,,,,,,,,,,,,,,,,,
325,297.5967038863184,,,,,,,,,,,,,,,,,,,,,,,,,,,,,
326,299.5919949260501,,,,,,,,,,,,,,,,,,,,,,,,,,,,,
327,299.83679746524496,,,,,,,,,,,,,,,,,,,,,,,,,,,,,
328,297.3190450522661,,,,,,,,,,,,,,,,,,,,,,,,,,,,,
329,297.2113538879353,,,,,,,,,,,,,,,,,,,,,,,,,,,,,
330,297.99376250311485,,,,,,,,,,,,,,,,,,,,,,,,,,,,,
331,298.3815613029616,,,,,,,,,,,,,,,,,,,,,,,,,,,,,
332,299.48072648321386,,,,,,,,,,,,,,,,,,,,,,,,,,,,,
333,298.9920820534033,,,,,,,,,,,,,,,,,,,,,,,,,,,,,
334,299.3916833920551,,,,,,,,,,,,,,,,,,,,,,,,,,,,,
335,298.4706345915418,,,,,,,,,,,,,,,,,,,,,,,,,,,,,
336,298.8867651859692,,,,,,,,,,,,,,,,,,,,,,,,,,,,,
337,298.6285669134158,,,,,,,,,,,,,,,,,,,,,,,,,,,,,
338,298.19184021793745,,,,,,,,,,,,,,,,,,,,,,,,,,,,,
339,298.1563639738581,,,,,,,,,,,,,,,,,,,,,,,,,,,,,
340,299.07487870232086,,,,,,,,,,,,,,,,,,,,,,,,,,,,,
341,299.0101690430747,,,,,,,,,,,,,,,,,,,,,,,,,,,,,
342,297.19314235553264,,,,,,,,,,,,,,,,,,,,,,,,,,,,,
343,299.8389056481839,,,,,,,,,,,,,,,,,,,,,,,,,,,,,
344,297.67860740279167,,,,,,,,,,,,,,,,,,,,,,,,,,,,,
345,299.75688675307254,,,,,,,,,,,,,,,,,,,,,,,,,,,,,
346,298.8047992050221,,,,,,,,,,,,,,,,,,,,,,,,,,,,,
347,300.02329655419726,,,,,,,,,,,,,,,,,,,,,,,,,,,,,
348,298.28448700535915,,,,,,,,,,,,,,,,,,,,,,,,,,,,,
349,297.3582623750641,,,,,,,,,,,,,,,,,,,,,,,,,,,,,
350,297.03746079179547,,,,,,,,,,,,,,,,,,,,,,,,,,,,,
351,298.6990922745536,,,,,,,,,,,,,,,,,,,,,,,,,,,,,
352,300.9363999849906,,,,,,,,,,,,,,,,,,,,,,,,,,,,,
353,298.45072322254344,,,,,,,,,,,,,,,,,,,,,,,,,,,,,
354,298.5271789987533,,,,,,,,,,,,,,,,,,,,,,,,,,,,,
355,298.60608290377473,,,,,,,,,,,,,,,,,,,,,,,,,,,,,
356,299.11614374585673,,,,,,,,,,,,,,,,,,,,,,,,,,,,,
357,299.0302369562424,,,,,,,,,,,,,,,,,,,,,,,,,,,,,
358,298.230829280078,,,,,,,,,,,,,,,,,,,,,,,,,,,,,
359,299.1823609547319,,,,,,,,,,,,,,,,,,,,,,,,,,,,,
360,298.57941108477957,,,,,,,,,,,,,,,,,,,,,,,,,,,,,
361,299.7549001177167,,,,,,,,,,,,,,,,,,,,,,,,,,,,,
362,299.24131381060596,,,,,,,,,,,,,,,,,,,,,,,,,,,,,
363,297.6875297894943,,,,,,,,,,,,,,,,,,,,,,,,,,,,,
364,297.9027132444453,,,,,,,,,,,,,,,,,,,,,,,,,,,,,
365,297.8887472732218,,,,,,,,,,,,,,,,,,,,,,,,,,,,,
366,299.5961960115838,,,,,,,,,,,,,,,,,,,,,,,,,,,,,
367,298.60226067626235,,,,,,,,,,,,,,,,,,,,,,,,,,,,,
368,298.26757253931925,,,,,,,,,,,,,,,,,,,,,,,,,,,,,
369,298.6091406765545,,,,,,,,,,,,,,,,,,,,,,,,,,,,,
370,299.63648627185313,,,,,,,,,,,,,,,,,,,,,,,,,,,,,
371,295.57162735350204,,,,,,,,,,,,,,,,,,,,,,,,,,,,,
372,298.42762062651286,,,,,,,,,,,,,,,,,,,,,,,,,,,,,
373,298.6058317947077,,,,,,,,,,,,,,,,,,,,,,,,,,,,,
374,299.10139219510125,,,,,,,,,,,,,,,,,,,,,,,,,,,,,
375,299.12870456876504,,,,,,,,,,,,,,,,,,,,,,,,,,,,,
376,298.96564888349894,,,,,,,,,,,,,,,,,,,,,,,,,,,,,
377,298.6369578513179,,,,,,,,,,,,,,,,,,,,,,,,,,,,,
378,298.55021356770993,,,,,,,,,,,,,,,,,,,,,,,,,,,,,
379,299.83935227179614,,,,,,,,,,,,,,,,,,,,,,,,,,,,,
380,299.7073101860709,,,,,,,,,,,,,,,,,,,,,,,,,,,,,
381,296.17913848586454,,,,,,,,,,,,,,,,,,,,,,,,,,,,,
382,298.3898058664319,,,,,,,,,,,,,,,,,,,,,,,,,,,,,
383,300.3336393379071,,,,,,,,,,,,,,,,,,,,,,,,,,,,,
384,297.7942579985829,,,,,,,,,,,,,,,,,,,,,,,,,,,,,
385,298.8719355840257,,,,,,,,,,,,,,,,,,,,,,,,,,,,,
386,297.7271165202235,,,,,,,,,,,,,,,,,,,,,,,,,,,,,
387,299.45739789702054,,,,,,,,,,,,,,,,,,,,,,,,,,,,,
388,299.1144656878046,,,,,,,,,,,,,,,,,,,,,,,,,,,,,
389,297.8810818986729,,,,,,,,,,,,,,,,,,,,,,,,,,,,,
390,298.8006028193729,,,,,,,,,,,,,,,,,,,,,,,,,,,,,
391,298.67827398061803,,,,,,,,,,,,,,,,,,,,,,,,,,,,,
392,298.74423494244337,,,,,,,,,,,,,,,,,,,,,,,,,,,,,
393,298.2380096450533,,,,,,,,,,,,,,,,,,,,,,,,,,,,,
394,297.99394800738304,,,,,,,,,,,,,,,,,,,,,,,,,,,,,
395,299.1261007884586,,,,,,,,,,,,,,,,,,,,,,,,,,,,,
396,299.3737989020651,,,,,,,,,,,,,,,,,,,,,,,,,,,,,
397,296.9986043809487,,,,,,,,,,,,,,,,,,,,,,,,,,,,,
398,296.96803072472727,,,,,,,,,,,,,,,,,,,,,,,,,,,,,
399,299.1608231237052,,,,,,,,,,,,,,,,,,,,,,,,,,,,,
400,301.166189986867,,,,,,,,,,,,,,,,,,,,,,,,,,,,,
401,296.4068859479226,,,,,,,,,,,,,,,,,,,,,,,,,,,,,
402,298.6291774886943,,,,,,,,,,,,,,,,,,,,,,,,,,,,,
403,298.3456651603701,,,,,,,,,,,,,,,,,,,,,,,,,,,,,
404,299.50845659376387,,,,,,,,,,,,,,,,,,,,,,,,,,,,,
405,297.5592407669264,,,,,,,,,,,,,,,,,,,,,,,,,,,,,
406,297.2559615639981,,,,,,,,,,,,,,,,,,,,,,,,,,,,,
407,298.3211737917361,,,,,,,,,,,,,,,,,,,,,,,,,,,,,
408,298.48922313919553,,,,,,,,,,,,,,,,,,,,,,,,,,,,,
409,300.82953231202055,,,,,,,,,,,,,,,,,,,,,,,,,,,,,
410,297.2696943326728,,,,,,,,,,,,,,,,,,,,,,,,,,,,,
411,298.2055952423671,,,,,,,,,,,,,,,,,,,,,,,,,,,,,
412,300.66168487077636,,,,,,,,,,,,,,,,,,,,,,,,,,,,,
413,298.52799388316436,,,,,,,,,,,,,,,,,,,,,,,,,,,,,
414,297.9515946796707,,,,,,,,,,,,,,,,,,,,,,,,,,,,,
415,299.2758412446089,,,,,,,,,,,,,,,,,,,,,,,,,,,,,
416,298.8934164359166,,,,,,,,,,,,,,,,,,,,,,,,,,,,,
417,299.46582584761984,,,,,,,,,,,,,,,,,,,,,,,,,,,,,
418,297.9689021095807,,,,,,,,,,,,,,,,,,,,,,,,,,,,,
419,299.63505419536955,,,,,,,,,,,,,,,,,,,,,,,,,,,,,
420,298.6860290990183,,,,,,,,,,,,,,,,,,,,,,,,,,,,,
421,299.75453935085767,,,,,,,,,,,,,,,,,,,,,,,,,,,,,
422,297.39854605956424,,,,,,,,,,,,,,,,,,,,,,,,,,,,,
423,298.46116910377106,,,,,,,,,,,,,,,,,,,,,,,,,,,,,
424,299.8955982656161,,,,,,,,,,,,,,,,,,,,,,,,,,,,,
425,297.3361543626597,,,,,,,,,,,,,,,,,,,,,,,,,,,,,
426,297.87024984726844,,,,,,,,,,,,,,,,,,,,,,,,,,,,,
427,299.5779962735998,,,,,,,,,,,,,,,,,,,,,,,,,,,,,
428,301.88152808667706,,,,,,,,,,,,,,,,,,,,,,,,,,,,,
429,298.08667085998576,,,,,,,,,,,,,,,,,,,,,,,,,,,,,
430,298.0595958728033,,,,,,,,,,,,,,,,,,,,,,,,,,,,,
431,299.99914462932446,,,,,,,,,,,,,,,,,,,,,,,,,,,,,
432,299.0881870283644,,,,,,,,,,,,,,,,,,,,,,,,,,,,,
433,297.6687310303566,,,,,,,,,,,,,,,,,,,,,,,,,,,,,
434,300.1893583646576,,,,,,,,,,,,,,,,,,,,,,,,,,,,,
435,298.133249368342,,,,,,,,,,,,,,,,,,,,,,,,,,,,,
436,298.62240416358986,,,,,,,,,,,,,,,,,,,,,,,,,,,,,
437,298.02208985861694,,,,,,,,,,,,,,,,,,,,,,,,,,,,,
438,299.70348095896725,,,,,,,,,,,,,,,,,,,,,,,,,,,,,
439,299.0041317717543,,,,,,,,,,,,,,,,,,,,,,,,,,,,,
440,299.73209840405025,,,,,,,,,,,,,,,,,,,,,,,,,,,,,
441,298.5361674569055,,,,,,,,,,,,,,,,,,,,,,,,,,,,,
442,299.81345962559396,,,,,,,,,,,,,,,,,,,,,,,,,,,,,
443,300.20304054484274,,,,,,,,,,,,,,,,,,,,,,,,,,,,,
444,299.1052004564273,,,,,,,,,,,,,,,,,,,,,,,,,,,,,
445,296.4679933608797,,,,,,,,,,,,,,,,,,,,,,,,,,,,,
446,297.3022040062602,,,,,,,,,,,,,,,,,,,,,,,,,,,,,
447,297.681042342599,,,,,,,,,,,,,,,,,,,,,,,,,,,,,
448,299.0943675451415,,,,,,,,,,,,,,,,,,,,,,,,,,,,,
449,298.73080236129186,,,,,,,,,,,,,,,,,,,,,,,,,,,,,
450,298.39273328462895,,,,,,,,,,,,,,,,,,,,,,,,,,,,,
451,296.9842884517677,,,,,,,,,,,,,,,,,,,,,,,,,,,,,
452,297.2497627589466,,,,,,,,,,,,,,,,,,,,,,,,,,,,,
453,299.0320593682723,,,,,,,,,,,,,,,,,,,,,,,,,,,,,
454,298.1360305286102,,,,,,,,,,,,,,,,,,,,,,,,,,,,,
455,299.6119879730505,,,,,,,,,,,,,,,,,,,,,,,,,,,,,
456,299.37129198847236,,,,,,,,,,,,,,,,,,,,,,,,,,,,,
457,299.15337637085287,,,,,,,,,,,,,,,,,,,,,,,,,,,,,
458,299.95066139690795,,,,,,,,,,,,,,,,,,,,,,,,,,,,,
459,296.7339256856226,,,,,,,,,,,,,,,,,,,,,,,,,,,,,
460,298.5180129873266,,,,,,,,,,,,,,,,,,,,,,,,,,,,,
461,301.5244343524489,,,,,,,,,,,,,,,,,,,,,,,,,,,,,
462,298.72251708198087,,,,,,,,,,,,,,,,,,,,,,,,,,,,,
463,297.43109253456794,,,,,,,,,,,,,,,,,,,,,,,,,,,,,
464,298.94865604666956,,,,,,,,,,,,,,,,,,,,,,,,,,,,,
465,299.2635082557089,,,,,,,,,,,,,,,,,,,,,,,,,,,,,
466,297.6908651997034,,,,,,,,,,,,,,,,,,,,,,,,,,,,,
467,298.8605575477688,,,,,,,,,,,,,,,,,,,,,,,,,,,,,
468,298.44368692937496,,,,,,,,,,,,,,,,,,,,,,,,,,,,,
469,298.4789652860038,,,,,,,,,,,,,,,,,,,,,,,,,,,,,
470,298.301251406935,,,,,,,,,,,,,,,,,,,,,,,,,,,,,
471,299.24179811012846,,,,,,,,,,,,,,,,,,,,,,,,,,,,,
472,298.88220506269664,,,,,,,,,,,,,,,,,,,,,,,,,,,,,
473,297.7949074175026,,,,,,,,,,,,,,,,,,,,,,,,,,,,,
474,298.3322248968339,,,,,,,,,,,,,,,,,,,,,,,,,,,,,
475,297.95359321236896,,,,,,,,,,,,,,,,,,,,,,,,,,,,,
476,297.9442876266108,,,,,,,,,,,,,,,,,,,,,,,,,,,,,
477,297.45554075817785,,,,,,,,,,,,,,,,,,,,,,,,,,,,,
478,298.47098845433726,,,,,,,,,,,,,,,,,,,,,,,,,,,,,
479,300.5826211487525,,,,,,,,,,,,,,,,,,,,,,,,,,,,,
480,298.30011664417697,,,,,,,,,,,,,,,,,,,,,,,,,,,,,
481,297.80196829667733,,,,,,,,,,,,,,,,,,,,,,,,,,,,,
482,299.25005007244766,,,,,,,,,,,,,,,,,,,,,,,,,,,,,
483,298.9040209063508,,,,,,,,,,,,,,,,,,,,,,,,,,,,,
484,298.6707357647341,,,,,,,,,,,,,,,,,,,,,,,,,,,,,
485,297.3311244519681,,,,,,,,,,,,,,,,,,,,,,,,,,,,,
486,299.5111366052445,,,,,,,,,,,,,,,,,,,,,,,,,,,,,
487,297.126421160371,,,,,,,,,,,,,,,,,,,,,,,,,,,,,
488,298.47809076369555,,,,,,,,,,,,,,,,,,,,,,,,,,,,,
489,296.99815213138777,,,,,,,,,,,,,,,,,,,,,,,,,,,,,
490,299.10818298403376,,,,,,,,,,,,,,,,,,,,,,,,,,,,,
491,299.8994988127203,,,,,,,,,,,,,,,,,,,,,,,,,,,,,
492,299.9849062981775,,,,,,,,,,,,,,,,,,,,,,,,,,,,,
493,299.3520970008919,,,,,,,,,,,,,,,,,,,,,,,,,,,,,
494,298.91803769511847,,,,,,,,,,,,,,,,,,,,,,,,,,,,,
495,300.49842828053033,,,,,,,,,,,,,,,,,,,,,,,,,,,,,
496,299.2146942445113,,,,,,,,,,,,,,,,,,,,,,,,,,,,,
497,298.48194261161774,,,,,,,,,,,,,,,,,,,,,,,,,,,,,
498,299.32266768110986,,,,,,,,,,,,,,,,,,,,,,,,,,,,,
499,298.74105390304015,,,,,,,,,,,,,,,,,,,,,,,,,,,,,
500,297.61098907182395,,,,,,,,,,,,,,,,,,,,,,,,,,,,,
501,296.7432195595991,,,,,,,,,,,,,,,,,,,,,,,,,,,,,
502,298.171339202056,,,,,,,,,,,,,,,,,,,,,,,,,,,,,
503,298.7094142055339,,,,,,,,,,,,,,,,,,,,,,,,,,,,,
504,297.77161902450075,,,,,,,,,,,,,,,,,,,,,,,,,,,,,
505,298.43849908994486,,,,,,,,,,,,,,,,,,,,,,,,,,,,,
506,297.77992823066523,,,,,,,,,,,,,,,,,,,,,,,,,,,,,
507,299.02010364177653,,,,,,,,,,,,,,,,,,,,,,,,,,,,,
508,301.1274711363312,,,,,,,,,,,,,,,,,,,,,,,,,,,,,
509,298.5573102634405,,,,,,,,,,,,,,,,,,,,,,,,,,,,,
510,294.9996244840958,,,,,,,,,,,,,,,,,,,,,,,,,,,,,
511,297.4847941006687,,,,,,,,,,,,,,,,,,,,,,,,,,,,,
512,298.7998123522004,,,,,,,,,,,,,,,,,,,,,,,,,,,,,
513,299.25770693161155,,,,,,,,,,,,,,,,,,,,,,,,,,,,,
514,300.42546212832,,,,,,,,,,,,,,,,,,,,,,,,,,,,,
515,299.2324778870904,,,,,,,,,,,,,,,,,,,,,,,,,,,,,
516,300.572300544614,,,,,,,,,,,,,,,,,,,,,,,,,,,,,
517,297.43009495740216,,,,,,,,,,,,,,,,,,,,,,,,,,,,,
518,298.6259810513497,,,,,,,,,,,,,,,,,,,,,,,,,,,,,
519,299.53687716219184,,,,,,,,,,,,,,,,,,,,,,,,,,,,,
520,298.67687075872334,,,,,,,,,,,,,,,,,,,,,,,,,,,,,
521,297.20391546880654,,,,,,,,,,,,,,,,,,,,,,,,,,,,,
522,300.3526939425174,,,,,,,,,,,,,,,,,,,,,,,,,,,,,
523,300.7284403203701,,,,,,,,,,,,,,,,,,,,,,,,,,,,,
524,297.5142322815455,,,,,,,,,,,,,,,,,,,,,,,,,,,,,
525,298.79531883407213,,,,,,,,,,,,,,,,,,,,,,,,,,,,,
526,300.5005915597672,,,,,,,,,,,,,,,,,,,,,,,,,,,,,
527,297.7493724434767,,,,,,,,,,,,,,,,,,,,,,,,,,,,,
528,296.81387636674003,,,,,,,,,,,,,,,,,,,,,,,,,,,,,
529,298.8534594830789,,,,,,,,,,,,,,,,,,,,,,,,,,,,,
530,301.78201585469554,,,,,,,,,,,,,,,,,,,,,,,,,,,,,
531,297.15129892279884,,,,,,,,,,,,,,,,,,,,,,,,,,,,,
532,295.893453281835,,,,,,,,,,,,,,,,,,,,,,,,,,,,,
533,297.7229003861027,,,,,,,,,,,,,,,,,,,,,,,,,,,,,
534,298.693341479028,,,,,,,,,,,,,,,,,,,,,,,,,,,,,
535,299.02125281463674,,,,,,,,,,,,,,,,,,,,,,,,,,,,,
536,299.3383259887771,,,,,,,,,,,,,,,,,,,,,,,,,,,,,
537,298.089570391895,,,,,,,,,,,,,,,,,,,,,,,,,,,,,
538,296.7798960508796,,,,,,,,,,,,,,,,,,,,,,,,,,,,,
539,298.7820789856519,,,,,,,,,,,,,,,,,,,,,,,,,,,,,
540,298.8115722661376,,,,,,,,,,,,,,,,,,,,,,,,,,,,,
541,300.0488632769998,,,,,,,,,,,,,,,,,,,,,,,,,,,,,
542,298.35431721086076,,,,,,,,,,,,,,,,,,,,,,,,,,,,,
543,297.2817252222798,,,,,,,,,,,,,,,,,,,,,,,,,,,,,
544,298.7827017533091,,,,,,,,,,,,,,,,,,,,,,,,,,,,,
545,300.60300677301484,,,,,,,,,,,,,,,,,,,,,,,,,,,,,
546,299.7963740359999,,,,,,,,,,,,,,,,,,,,,,,,,,,,,
547,297.1012998611977,,,,,,,,,,,,,,,,,,,,,,,,,,,,,
548,296.7549522678033,,,,,,,,,,,,,,,,,,,,,,,,,,,,,
549,298.5217185958451,,,,,,,,,,,,,,,,,,,,,,,,,,,,,
550,297.3404012756667,,,,,,,,,,,,,,,,,,,,,,,,,,,,,
551,297.29200169343216,,,,,,,,,,,,,,,,,,,,,,,,,,,,,
552,298.54511665788647,,,,,,,,,,,,,,,,,,,,,,,,,,,,,
553,297.4141095404687,,,,,,,,,,,,,,,,,,,,,,,,,,,,,
554,298.0570529501873,,,,,,,,,,,,,,,,,,,,,,,,,,,,,
555,300.3296170957114,,,,,,,,,,,,,,,,,,,,,,,,,,,,,
556,299.09306359984333,,,,,,,,,,,,,,,,,,,,,,,,,,,,,
557,298.6851469852559,,,,,,,,,,,,,,,,,,,,,,,,,,,,,
558,299.4043920250194,,,,,,,,,,,,,,,,,,,,,,,,,,,,,
559,299.3370569724211,,,,,,,,,,,,,,,,,,,,,,,,,,,,,
560,296.99093119676496,,,,,,,,,,,,,,,,,,,,,,,,,,,,,
561,298.98942960073106,,,,,,,,,,,,,,,,,,,,,,,,,,,,,
562,298.42629184990955,,,,,,,,,,,,,,,,,,,,,,,,,,,,,
563,299.54384566649907,,,,,,,,,,,,,,,,,,,,,,,,,,,,,
564,297.9595151653479,,,,,,,,,,,,,,,,,,,,,,,,,,,,,
565,300.8558607769955,,,,,,,,,,,,,,,,,,,,,,,,,,,,,
566,297.06308458769394,,,,,,,,,,,,,,,,,,,,,,,,,,,,,
567,299.271640568446,,,,,,,,,,,,,,,,,,,,,,,,,,,,,
568,299.7722307842777,,,,,,,,,,,,,,,,,,,,,,,,,,,,,
569,297.3326028712865,,,,,,,,,,,,,,,,,,,,,,,,,,,,,
570,297.5666010352863,,,,,,,,,,,,,,,,,,,,,,,,,,,,,
571,298.6611931890702,,,,,,,,,,,,,,,,,,,,,,,,,,,,,
572,299.6139752384832,,,,,,,,,,,,,,,,,,,,,,,,,,,,,
573,298.55403743001995,,,,,,,,,,,,,,,,,,,,,,,,,,,,,
574,297.9654473805674,,,,,,,,,,,,,,,,,,,,,,,,,,,,,
575,298.17754598395726,,,,,,,,,,,,,,,,,,,,,,,,,,,,,
576,297.590440939369,,,,,,,,,,,,,,,,,,,,,,,,,,,,,
577,299.6855754217459,,,,,,,,,,,,,,,,,,,,,,,,,,,,,
578,299.9813486219486,,,,,,,,,,,,,,,,,,,,,,,,,,,,,
579,297.22862964429913,,,,,,,,,,,,,,,,,,,,,,,,,,,,,
580,297.4985865818471,,,,,,,,,,,,,,,,,,,,,,,,,,,,,
581,299.23598313674137,,,,,,,,,,,,,,,,,,,,,,,,,,,,,
582,298.21552063014315,,,,,,,,,,,,,,,,,,,,,,,,,,,,,
583,299.51493553838554,,,,,,,,,,,,,,,,,,,,,,,,,,,,,
584,299.14661549748627,,,,,,,,,,,,,,,,,,,,,,,,,,,,,
585,299.5226858989392,,,,,,,,,,,,,,,,,,,,,,,,,,,,,
586,296.7756436238457,,,,,,,,,,,,,,,,,,,,,,,,,,,,,
587,298.61819838341506,,,,,,,,,,,,,,,,,,,,,,,,,,,,,
588,299.3536573059717,,,,,,,,,,,,,,,,,,,,,,,,,,,,,
589,298.5723775178289,,,,,,,,,,,,,,,,,,,,,,,,,,,,,
590,299.1535535771129,,,,,,,,,,,,,,,,,,,,,,,,,,,,,
591,297.7141132343912,,,,,,,,,,,,,,,,,,,,,,,,,,,,,
592,299.72189996319094,,,,,,,,,,,,,,,,,,,,,,,,,,,,,
593,299.3157702663712,,,,,,,,,,,,,,,,,,,,,,,,,,,,,
594,299.2696963274632,,,,,,,,,,,,,,,,,,,,,,,,,,,,,
595,299.2804187026866,,,,,,,,,,,,,,,,,,,,,,,,,,,,,
596,297.6512603198296,,,,,,,,,,,,,,,,,,,,,,,,,,,,,
597,296.2046074211943,,,,,,,,,,,,,,,,,,,,,,,,,,,,,
598,297.90402171586317,,,,,,,,,,,,,,,,,,,,,,,,,,,,,
599,301.2839281859533,,,,,,,,,,,,,,,,,,,,,,,,,,,,,
600,298.61504000691906,,,,,,,,,,,,,,,,,,,,,,,,,,,,,
601,300.10599434552324,,,,,,,,,,,,,,,,,,,,,,,,,,,,,
602,299.2199628989097,,,,,,,,,,,,,,,,,,,,,,,,,,,,,
603,297.7256895990325,,,,,,,,,,,,,,,,,,,,,,,,,,,,,
604,299.15578762368415,,,,,,,,,,,,,,,,,,,,,,,,,,,,,
605,298.34152419795186,,,,,,,,,,,,,,,,,,,,,,,,,,,,,
606,297.99275622969657,,,,,,,,,,,,,,,,,,,,,,,,,,,,,
607,299.3677527433398,,,,,,,,,,,,,,,,,,,,,,,,,,,,,
608,299.3334712556974,,,,,,,,,,,,,,,,,,,,,,,,,,,,,
609,297.5142530305107,,,,,,,,,,,,,,,,,,,,,,,,,,,,,
610,299.58386222225863,,,,,,,,,,,,,,,,,,,,,,,,,,,,,
611,299.88426943370337,,,,,,,,,,,,,,,,,,,,,,,,,,,,,
612,298.28107829588754,,,,,,,,,,,,,,,,,,,,,,,,,,,,,
613,297.97179478274353,,,,,,,,,,,,,,,,,,,,,,,,,,,,,
614,297.5632653229916,,,,,,,,,,,,,,,,,,,,,,,,,,,,,
615,299.18351807248206,,,,,,,,,,,,,,,,,,,,,,,,,,,,,
616,300.00220406405515,,,,,,,,,,,,,,,,,,,,,,,,,,,,,
617,298.1733500282471,,,,,,,,,,,,,,,,,,,,,,,,,,,,,
618,298.8682774934109,,,,,,,,,,,,,,,,,,,,,,,,,,,,,
619,299.8824874197162,,,,,,,,,,,,,,,,,,,,,,,,,,,,,
620,298.57066332821813,,,,,,,,,,,,,,,,,,,,,,,,,,,,,
621,299.0835498440781,,,,,,,,,,,,,,,,,,,,,,,,,,,,,
622,298.61140290157687,,,,,,,,,,,,,,,,,,,,,,,,,,,,,
623,299.3046140882547,,,,,,,,,,,,,,,,,,,,,,,,,,,,,
624,298.23965591563234,,,,,,,,,,,,,,,,,,,,,,,,,,,,,
625,298.91146505395244,,,,,,,,,,,,,,,,,,,,,,,,,,,,,
626,298.22490334917944,,,,,,,,,,,,,,,,,,,,,,,,,,,,,
627,300.12224312290186,,,,,,,,,,,,,,,,,,,,,,,,,,,,,
628,299.06104508804856,,,,,,,,,,,,,,,,,,,,,,,,,,,,,
629,298.43780728999224,,,,,,,,,,,,,,,,,,,,,,,,,,,,,
630,297.9738514945867,,,,,,,,,,,,,,,,,,,,,,,,,,,,,
631,298.8729549337569,,,,,,,,,,,,,,,,,,,,,,,,,,,,,
632,298.20914947743904,,,,,,,,,,,,,,,,,,,,,,,,,,,,,
633,298.8064752329841,,,,,,,,,,,,,,,,,,,,,,,,,,,,,
634,299.0986763952515,,,,,,,,,,,,,,,,,,,,,,,,,,,,,
635,300.15035308766574,,,,,,,,,,,,,,,,,,,,,,,,,,,,,
636,299.88200396571983,,,,,,,,,,,,,,,,,,,,,,,,,,,,,
637,297.3481625010657,,,,,,,,,,,,,,,,,,,,,,,,,,,,,
638,298.97027540672116,,,,,,,,,,,,,,,,,,,,,,,,,,,,,
639,298.31476684796877,,,,,,,,,,,,,,,,,,,,,,,,,,,,,
640,298.8244723828184,,,,,,,,,,,,,,,,,,,,,,,,,,,,,
641,297.6459476703937,,,,,,,,,,,,,,,,,,,,,,,,,,,,,
642,298.2372141387438,,,,,,,,,,,,,,,,,,,,,,,,,,,,,
643,299.54233383175716,,,,,,,,,,,,,,,,,,,,,,,,,,,,,
644,298.95115842106566,,,,,,,,,,,,,,,,,,,,,,,,,,,,,
645,296.4147609090382,,,,,,,,,,,,,,,,,,,,,,,,,,,,,
646,297.7995562411639,,,,,,,,,,,,,,,,,,,,,,,,,,,,,
647,299.79091191827405,,,,,,,,,,,,,,,,,,,,,,,,,,,,,
648,298.7451693966855,,,,,,,,,,,,,,,,,,,,,,,,,,,,,
649,297.64201808157196,,,,,,,,,,,,,,,,,,,,,,,,,,,,,
650,299.4884243498401,,,,,,,,,,,,,,,,,,,,,,,,,,,,,
651,297.70443125919763,,,,,,,,,,,,,,,,,,,,,,,,,,,,,
652,298.47840025789566,,,,,,,,,,,,,,,,,,,,,,,,,,,,,
653,297.5488178819776,,,,,,,,,,,,,,,,,,,,,,,,,,,,,
654,298.7410895873734,,,,,,,,,,,,,,,,,,,,,,,,,,,,,
655,300.4107582949886,,,,,,,,,,,,,,,,,,,,,,,,,,,,,
656,296.7232954583042,,,,,,,,,,,,,,,,,,,,,,,,,,,,,
657,298.1831720200914,,,,,,,,,,,,,,,,,,,,,,,,,,,,,
658,298.82075158892434,,,,,,,,,,,,,,,,,,,,,,,,,,,,,
659,300.260470825573,,,,,,,,,,,,,,,,,,,,,,,,,,,,,
660,297.20017574059847,,,,,,,,,,,,,,,,,,,,,,,,,,,,,
661,298.5460499784361,,,,,,,,,,,,,,,,,,,,,,,,,,,,,
662,297.4371983112995,,,,,,,,,,,,,,,,,,,,,,,,,,,,,
663,298.0900483036944,,,,,,,,,,,,,,,,,,,,,,,,,,,,,
664,299.2445875672014,,,,,,,,,,,,,,,,,,,,,,,,,,,,,
665,298.6461440591158,,,,,,,,,,,,,,,,,,,,,,,,,,,,,
666,296.6216589723216,,,,,,,,,,,,,,,,,,,,,,,,,,,,,
667,298.8688839471503,,,,,,,,,,,,,,,,,,,,,,,,,,,,,
668,297.39463925685595,,,,,,,,,,,,,,,,,,,,,,,,,,,,,
669,299.278435550423,,,,,,,,,,,,,,,,,,,,,,,,,,,,,
670,300.16293606724076,,,,,,,,,,,,,,,,,,,,,,,,,,,,,
671,299.9247221549037,,,,,,,,,,,,,,,,,,,,,,,,,,,,,
672,298.8925677782247,,,,,,,,,,,,,,,,,,,,,,,,,,,,,
673,297.26124595080887,,,,,,,,,,,,,,,,,,,,,,,,,,,,,
674,298.88603715889235,,,,,,,,,,,,,,,,,,,,,,,,,,,,,
675,297.31970322102603,,,,,,,,,,,,,,,,,,,,,,,,,,,,,
676,299.3133077967616,,,,,,,,,,,,,,,,,,,,,,,,,,,,,
677,299.7274568933659,,,,,,,,,,,,,,,,,,,,,,,,,,,,,
678,298.1454579912565,,,,,,,,,,,,,,,,,,,,,,,,,,,,,
679,297.84009359575003,,,,,,,,,,,,,,,,,,,,,,,,,,,,,
680,297.1751512032361,,,,,,,,,,,,,,,,,,,,,,,,,,,,,
681,298.94756236024904,,,,,,,,,,,,,,,,,,,,,,,,,,,,,
682,300.27152181080356,,,,,,,,,,,,,,,,,,,,,,,,,,,,,
683,300.10015799042634,,,,,,,,,,,,,,,,,,,,,,,,,,,,,
684,296.09460485188,,,,,,,,,,,,,,,,,,,,,,,,,,,,,
685,298.40677311001633,,,,,,,,,,,,,,,,,,,,,,,,,,,,,
686,300.0349377859209,,,,,,,,,,,,,,,,,,,,,,,,,,,,,
687,297.8990783153445,,,,,,,,,,,,,,,,,,,,,,,,,,,,,
688,298.26115220682755,,,,,,,,,,,,,,,,,,,,,,,,,,,,,
689,297.3509137636865,,,,,,,,,,,,,,,,,,,,,,,,,,,,,
690,299.7846757322533,,,,,,,,,,,,,,,,,,,,,,,,,,,,,
691,298.42881790197924,,,,,,,,,,,,,,,,,,,,,,,,,,,,,
692,298.939038116773,,,,,,,,,,,,,,,,,,,,,,,,,,,,,
693,299.4934197897933,,,,,,,,,,,,,,,,,,,,,,,,,,,,,
694,297.7128488080794,,,,,,,,,,,,,,,,,,,,,,,,,,,,,
695,299.2004772219484,,,,,,,,,,,,,,,,,,,,,,,,,,,,,
696,297.50848094533893,,,,,,,,,,,,,,,,,,,,,,,,,,,,,
697,299.31738224822857,,,,,,,,,,,,,,,,,,,,,,,,,,,,,
698,298.4477390736845,,,,,,,,,,,,,,,,,,,,,,,,,,,,,
699,299.65416189442897,,,,,,,,,,,,,,,,,,,,,,,,,,,,,
700,298.32914952081904,,,,,,,,,,,,,,,,,,,,,,,,,,,,,
701,297.6076457971431,,,,,,,,,,,,,,,,,,,,,,,,,,,,,
702,299.8167821391949,,,,,,,,,,,,,,,,,,,,,,,,,,,,,
703,301.66082962811197,,,,,,,,,,,,,,,,,,,,,,,,,,,,,
704,297.456348360929,,,,,,,,,,,,,,,,,,,,,,,,,,,,,
705,298.39569284250894,,,,,,,,,,,,,,,,,,,,,,,,,,,,,
706,298.80921732583187,,,,,,,,,,,,,,,,,,,,,,,,,,,,,
707,299.6971807249461,,,,,,,,,,,,,,,,,,,,,,,,,,,,,
708,298.2059104908537,,,,,,,,,,,,,,,,,,,,,,,,,,,,,
709,299.3927717660625,,,,,,,,,,,,,,,,,,,,,,,,,,,,,
710,298.8716154952505,,,,,,,,,,,,,,,,,,,,,,,,,,,,,
711,297.9401509247314,,,,,,,,,,,,,,,,,,,,,,,,,,,,,
712,298.83509254929606,,,,,,,,,,,,,,,,,,,,,,,,,,,,,
713,301.26026594479873,,,,,,,,,,,,,,,,,,,,,,,,,,,,,
714,297.3398451556373,,,,,,,,,,,,,,,,,,,,,,,,,,,,,
715,298.17693730188194,,,,,,,,,,,,,,,,,,,,,,,,,,,,,
716,299.35154859815776,,,,,,,,,,,,,,,,,,,,,,,,,,,,,
717,301.08329353705585,,,,,,,,,,,,,,,,,,,,,,,,,,,,,
718,296.86532363780157,,,,,,,,,,,,,,,,,,,,,,,,,,,,,
719,298.35387053342873,,,,,,,,,,,,,,,,,,,,,,,,,,,,,
720,299.9444342543214,,,,,,,,,,,,,,,,,,,,,,,,,,,,,
721,299.5291506875438,,,,,,,,,,,,,,,,,,,,,,,,,,,,,
722,298.32835448439795,,,,,,,,,,,,,,,,,,,,,,,,,,,,,
723,298.69901840670235,,,,,,,,,,,,,,,,,,,,,,,,,,,,,
724,299.63698124983466,,,,,,,,,,,,,,,,,,,,,,,,,,,,,
725,300.44806902614044,,,,,,,,,,,,,,,,,,,,,,,,,,,,,
726,298.4473640143667,,,,,,,,,,,,,,,,,,,,,,,,,,,,,
727,300.9476048410541,,,,,,,,,,,,,,,,,,,,,,,,,,,,,
728,297.47930187503863,,,,,,,,,,,,,,,,,,,,,,,,,,,,,
729,297.7720091724366,,,,,,,,,,,,,,,,,,,,,,,,,,,,,
730,299.9477591203675,,,,,,,,,,,,,,,,,,,,,,,,,,,,,
731,299.4741754538406,,,,,,,,,,,,,,,,,,,,,,,,,,,,,
732,298.8340447651005,,,,,,,,,,,,,,,,,,,,,,,,,,,,,
733,298.4433764779003,,,,,,,,,,,,,,,,,,,,,,,,,,,,,
734,297.6820856207252,,,,,,,,,,,,,,,,,,,,,,,,,,,,,
735,296.38066591693104,,,,,,,,,,,,,,,,,,,,,,,,,,,,,
736,298.01473170224796,,,,,,,,,,,,,,,,,,,,,,,,,,,,,
737,300.34261625025187,,,,,,,,,,,,,,,,,,,,,,,,,,,,,
738,296.69103407301765,,,,,,,,,,,,,,,,,,,,,,,,,,,,,
739,298.15314675515265,,,,,,,,,,,,,,,,,,,,,,,,,,,,,
740,301.3785590436237,,,,,,,,,,,,,,,,,,,,,,,,,,,,,
741,298.5410117230943,,,,,,,,,,,,,,,,,,,,,,,,,,,,,
742,299.10742083591146,,,,,,,,,,,,,,,,,,,,,,,,,,,,,
743,298.9525425727674,,,,,,,,,,,,,,,,,,,,,,,,,,,,,
744,301.3388304910106,,,,,,,,,,,,,,,,,,,,,,,,,,,,,
745,298.49070140636536,,,,,,,,,,,,,,,,,,,,,,,,,,,,,
746,299.12521238278305,,,,,,,,,,,,,,,,,,,,,,,,,,,,,
747,298.08472148942496,,,,,,,,,,,,,,,,,,,,,,,,,,,,,
748,297.9774363133467,,,,,,,,,,,,,,,,,,,,,,,,,,,,,
749,297.71160314098125,,,,,,,,,,,,,,,,,,,,,,,,,,,,,
